20150101 1  0  0  0  1  0  0  0  0.968000
20150102 1  0  0  0  0  1  0  0  3.898000
20150103 1  0  0  0  0  0  1  0  4.136000
20150104 1  0  0  0  0  0  0  1  3.014000
20150105 1  1  0  0  0  0  0  0  4.484000
20150106 1  0  1  0  0  0  0  0  1.591000
20150107 1  0  0  1  0  0  0  0  25.080000
20150108 1  0  0  0  1  0  0  0  2.116000
20150109 1  0  0  0  0  1  0  0  1.384000
20150110 1  0  0  0  0  0  1  0  2.870000
20150111 1  0  0  0  0  0  0  1  2.014000
20150112 1  1  0  0  0  0  0  0  7.746000
20150113 1  0  1  0  0  0  0  0  1.232000
20150114 1  0  0  1  0  0  0  0  13.838000
20150115 1  0  0  0  1  0  0  0  3.936000
20150116 1  0  0  0  0  1  0  0  3.880000
20150117 1  0  0  0  0  0  1  0  1.084000
20150118 1  0  0  0  0  0  0  1  4.542000
20150119 1  1  0  0  0  0  0  0  7.820000
20150120 1  0  1  0  0  0  0  0  6.610000
20150121 1  0  0  1  0  0  0  0  26.326000
20150122 1  0  0  0  1  0  0  0  3.964000
20150123 1  0  0  0  0  1  0  0  10.996000
20150124 1  0  0  0  0  0  1  0  1.738000
20150125 1  0  0  0  0  0  0  1  1.702000
20150126 1  1  0  0  0  0  0  0  13.862000
20150127 1  0  1  0  0  0  0  0  12.020000
20150128 1  0  0  1  0  0  0  0  46.028000
20150129 1  0  0  0  1  0  0  0  3.356000
20150130 1  0  0  0  0  1  0  0  2.026000
20150131 1  0  0  0  0  0  1  0  2.204000
20150201 1  0  0  0  0  0  0  1  2.314000
20150202 1  1  0  0  0  0  0  0  1.982000
20150203 1  0  1  0  0  0  0  0  5.450000
20150204 1  0  0  1  0  0  0  0  0
20150205 1  0  0  0  1  0  0  0  6.266000
20150206 1  0  0  0  0  1  0  0  1.906000
20150207 1  0  0  0  0  0  1  0  0.390000
20150208 1  0  0  0  0  0  0  1  6.244000
20150209 1  1  0  0  0  0  0  0  2.456000
20150210 1  0  1  0  0  0  0  0  5.918000
20150211 1  0  0  1  0  0  0  0  29.301000
20150212 1  0  0  0  1  0  0  0  6.482000
20150213 1  0  0  0  0  1  0  0  6.948000
20150214 1  0  0  0  0  0  1  0  0
20150215 1  0  0  0  0  0  0  1  20.004000
20150216 1  1  0  0  0  0  0  0  8.598000
20150217 1  0  1  0  0  0  0  0  15.696000
20150218 1  0  0  1  0  0  0  0  5.818000
20150219 1  0  0  0  1  0  0  0  0.294000
20150220 1  0  0  0  0  1  0  0  0
20150221 1  0  0  0  0  0  1  0  0.494000
20150222 1  0  0  0  0  0  0  1  1.660000
20150223 1  1  0  0  0  0  0  0  0.474000
20150224 1  0  1  0  0  0  0  0  0.120000
20150225 1  0  0  1  0  0  0  0  0
20150226 1  0  0  0  1  0  0  0  0.662000
20150227 1  0  0  0  0  1  0  0  1.424000
20150228 1  0  0  0  0  0  1  0  1.414000
20150301 1  0  0  0  0  0  0  1  3.352000
20150302 1  1  0  0  0  0  0  0  3.686000
20150303 1  0  1  0  0  0  0  0  3.120000
20150304 1  0  0  1  0  0  0  0  9.296000
20150305 1  0  0  0  1  0  0  0  4.292000
20150306 1  0  0  0  0  1  0  0  3.630000
20150307 1  0  0  0  0  0  1  0  3.244000
20150308 1  0  0  0  0  0  0  1  5.866000
20150309 1  1  0  0  0  0  0  0  7.618000
20150310 1  0  1  0  0  0  0  0  1.860000
20150311 1  0  0  1  0  0  0  0  7.873000
20150312 1  0  0  0  1  0  0  0  2.904000
20150313 1  0  0  0  0  1  0  0  3.146000
20150314 1  0  0  0  0  0  1  0  4.350000
20150315 1  0  0  0  0  0  0  1  5.116000
20150316 1  1  0  0  0  0  0  0  3.424000
20150317 1  0  1  0  0  0  0  0  5.822000
20150318 1  0  0  1  0  0  0  0  23.882000
20150319 1  0  0  0  1  0  0  0  2.132000
20150320 1  0  0  0  0  1  0  0  3.764000
20150321 1  0  0  0  0  0  1  0  0.252000
20150322 1  0  0  0  0  0  0  1  1.044000
20150323 1  1  0  0  0  0  0  0  0.576000
20150324 1  0  1  0  0  0  0  0  1.680000
20150325 1  0  0  1  0  0  0  0  15.630000
20150326 1  0  0  0  1  0  0  0  2.308000
20150327 1  0  0  0  0  1  0  0  1.124000
20150328 1  0  0  0  0  0  1  0  2.478000
20150329 1  0  0  0  0  0  0  1  3.202000
20150330 1  1  0  0  0  0  0  0  2.292000
20150331 1  0  1  0  0  0  0  0  0
20150401 1  0  0  1  0  0  0  0  10.314000
20150402 1  0  0  0  1  0  0  0  5.978000
20150403 1  0  0  0  0  1  0  0  2.424000
20150404 1  0  0  0  0  0  1  0  5.900000
20150405 1  0  0  0  0  0  0  1  4.082000
20150406 1  1  0  0  0  0  0  0  3.284000
20150407 1  0  1  0  0  0  0  0  4.210000
20150408 1  0  0  1  0  0  0  0  9.956000
20150409 1  0  0  0  1  0  0  0  0
20150410 1  0  0  0  0  1  0  0  3.342000
20150411 1  0  0  0  0  0  1  0  3.632000
20150412 1  0  0  0  0  0  0  1  8.620000
20150413 1  1  0  0  0  0  0  0  2.630000
20150414 1  0  1  0  0  0  0  0  1.110000
20150415 1  0  0  1  0  0  0  0  12.186000
20150416 1  0  0  0  1  0  0  0  0
20150417 1  0  0  0  0  1  0  0  3.506000
20150418 1  0  0  0  0  0  1  0  2.376000
20150419 1  0  0  0  0  0  0  1  3.028000
20150420 1  1  0  0  0  0  0  0  3.864000
20150421 1  0  1  0  0  0  0  0  3.778000
20150422 1  0  0  1  0  0  0  0  13.908000
20150423 1  0  0  0  1  0  0  0  4.546000
20150424 1  0  0  0  0  1  0  0  7.148000
20150425 1  0  0  0  0  0  1  0  1.882000
20150426 1  0  0  0  0  0  0  1  3.614000
20150427 1  1  0  0  0  0  0  0  0.812000
20150428 1  0  1  0  0  0  0  0  4.184000
20150429 1  0  0  1  0  0  0  0  12.854000
20150430 1  0  0  0  1  0  0  0  6.262000
