20150101 1  0  0  0  1  0  0  0  0.500000
20150102 1  0  0  0  0  1  0  0  0
20150103 1  0  0  0  0  0  1  0  0
20150104 1  0  0  0  0  0  0  1  0
20150105 1  1  0  0  0  0  0  0  0
20150106 1  0  1  0  0  0  0  0  0
20150107 1  0  0  1  0  0  0  0  1.714000
20150108 1  0  0  0  1  0  0  0  0
20150109 1  0  0  0  0  1  0  0  0.580000
20150110 1  0  0  0  0  0  1  0  0.808000
20150111 1  0  0  0  0  0  0  1  0.252000
20150112 1  1  0  0  0  0  0  0  0
20150113 1  0  1  0  0  0  0  0  0.408000
20150114 1  0  0  1  0  0  0  0  0.464000
20150115 1  0  0  0  1  0  0  0  0
20150116 1  0  0  0  0  1  0  0  0
20150117 1  0  0  0  0  0  1  0  0
20150118 1  0  0  0  0  0  0  1  0.220000
20150119 1  1  0  0  0  0  0  0  0.450000
20150120 1  0  1  0  0  0  0  0  0.970000
20150121 1  0  0  1  0  0  0  0  0
20150122 1  0  0  0  1  0  0  0  0.690000
20150123 1  0  0  0  0  1  0  0  0
20150124 1  0  0  0  0  0  1  0  0.220000
20150125 1  0  0  0  0  0  0  1  0.306000
20150126 1  1  0  0  0  0  0  0  0
20150127 1  0  1  0  0  0  0  0  0
20150128 1  0  0  1  0  0  0  0  0.275000
20150129 1  0  0  0  1  0  0  0  0.234000
20150130 1  0  0  0  0  1  0  0  0.546000
20150131 1  0  0  0  0  0  1  0  0
20150201 1  0  0  0  0  0  0  1  1.080000
20150202 1  1  0  0  0  0  0  0  0
20150203 1  0  1  0  0  0  0  0  0.414000
20150204 1  0  0  1  0  0  0  0  0
20150205 1  0  0  0  1  0  0  0  0.526000
20150206 1  0  0  0  0  1  0  0  0
20150207 1  0  0  0  0  0  1  0  0
20150208 1  0  0  0  0  0  0  1  0
20150209 1  1  0  0  0  0  0  0  0.484000
20150210 1  0  1  0  0  0  0  0  0
20150211 1  0  0  1  0  0  0  0  1.274000
20150212 1  0  0  0  1  0  0  0  2.132000
20150213 1  0  0  0  0  1  0  0  0
20150214 1  0  0  0  0  0  1  0  0
20150215 1  0  0  0  0  0  0  1  0
20150216 1  1  0  0  0  0  0  0  0
20150217 1  0  1  0  0  0  0  0  0
20150218 1  0  0  1  0  0  0  0  0
20150219 1  0  0  0  1  0  0  0  0
20150220 1  0  0  0  0  1  0  0  0
20150221 1  0  0  0  0  0  1  0  1.000000
20150222 1  0  0  0  0  0  0  1  0
20150223 1  1  0  0  0  0  0  0  0
20150224 1  0  1  0  0  0  0  0  0
20150225 1  0  0  1  0  0  0  0  0
20150226 1  0  0  0  1  0  0  0  0
20150227 1  0  0  0  0  1  0  0  0
20150228 1  0  0  0  0  0  1  0  0
20150301 1  0  0  0  0  0  0  1  0.534000
20150302 1  1  0  0  0  0  0  0  0.490000
20150303 1  0  1  0  0  0  0  0  0
20150304 1  0  0  1  0  0  0  0  0
20150305 1  0  0  0  1  0  0  0  0
20150306 1  0  0  0  0  1  0  0  0
20150307 1  0  0  0  0  0  1  0  0.448000
20150308 1  0  0  0  0  0  0  1  0
20150309 1  1  0  0  0  0  0  0  0.704000
20150310 1  0  1  0  0  0  0  0  0
20150311 1  0  0  1  0  0  0  0  1.000000
20150312 1  0  0  0  1  0  0  0  0
20150313 1  0  0  0  0  1  0  0  0
20150314 1  0  0  0  0  0  1  0  1.004000
20150315 1  0  0  0  0  0  0  1  0
20150316 1  1  0  0  0  0  0  0  0.658000
20150317 1  0  1  0  0  0  0  0  0.482000
20150318 1  0  0  1  0  0  0  0  1.296000
20150319 1  0  0  0  1  0  0  0  0
20150320 1  0  0  0  0  1  0  0  0
20150321 1  0  0  0  0  0  1  0  0
20150322 1  0  0  0  0  0  0  1  0.326000
20150323 1  1  0  0  0  0  0  0  0.438000
20150324 1  0  1  0  0  0  0  0  1.360000
20150325 1  0  0  1  0  0  0  0  0.632000
20150326 1  0  0  0  1  0  0  0  0
20150327 1  0  0  0  0  1  0  0  0
20150328 1  0  0  0  0  0  1  0  0.228000
20150329 1  0  0  0  0  0  0  1  0
20150330 1  1  0  0  0  0  0  0  1.132000
20150331 1  0  1  0  0  0  0  0  0
20150401 1  0  0  1  0  0  0  0  0.440000
20150402 1  0  0  0  1  0  0  0  0
20150403 1  0  0  0  0  1  0  0  0.430000
20150404 1  0  0  0  0  0  1  0  8.042000
20150405 1  0  0  0  0  0  0  1  0.146000
20150406 1  1  0  0  0  0  0  0  2.000000
20150407 1  0  1  0  0  0  0  0  0
20150408 1  0  0  1  0  0  0  0  0
20150409 1  0  0  0  1  0  0  0  0
20150410 1  0  0  0  0  1  0  0  1.000000
20150411 1  0  0  0  0  0  1  0  0.216000
20150412 1  0  0  0  0  0  0  1  0.991000
20150413 1  1  0  0  0  0  0  0  1.112000
20150414 1  0  1  0  0  0  0  0  0.678000
20150415 1  0  0  1  0  0  0  0  1.870000
20150416 1  0  0  0  1  0  0  0  0
20150417 1  0  0  0  0  1  0  0  0
20150418 1  0  0  0  0  0  1  0  1.428000
20150419 1  0  0  0  0  0  0  1  0.224000
20150420 1  1  0  0  0  0  0  0  0
20150421 1  0  1  0  0  0  0  0  0
20150422 1  0  0  1  0  0  0  0  3.487000
20150423 1  0  0  0  1  0  0  0  0.352000
20150424 1  0  0  0  0  1  0  0  0
20150425 1  0  0  0  0  0  1  0  0.942000
20150426 1  0  0  0  0  0  0  1  0
20150427 1  1  0  0  0  0  0  0  0
20150428 1  0  1  0  0  0  0  0  1.542000
20150429 1  0  0  1  0  0  0  0  2.568000
20150430 1  0  0  0  1  0  0  0  0
