20150101 1  0  0  0  1  0  0  0  50.125000
20150102 1  0  0  0  0  1  0  0  46.170000
20150103 1  0  0  0  0  0  1  0  33.250000
20150104 1  0  0  0  0  0  0  1  49.679000
20150105 1  1  0  0  0  0  0  0  65.596000
20150106 1  0  1  0  0  0  0  0  57.428000
20150107 1  0  0  1  0  0  0  0  60.060000
20150108 1  0  0  0  1  0  0  0  53.720000
20150109 1  0  0  0  0  1  0  0  35.170000
20150110 1  0  0  0  0  0  1  0  38.592000
20150111 1  0  0  0  0  0  0  1  61.908000
20150112 1  1  0  0  0  0  0  0  57.900000
20150113 1  0  1  0  0  0  0  0  48.076000
20150114 1  0  0  1  0  0  0  0  53.783000
20150115 1  0  0  0  1  0  0  0  62.100000
20150116 1  0  0  0  0  1  0  0  67.285000
20150117 1  0  0  0  0  0  1  0  44.186000
20150118 1  0  0  0  0  0  0  1  127.798000
20150119 1  1  0  0  0  0  0  0  130.172000
20150120 1  0  1  0  0  0  0  0  77.879000
20150121 1  0  0  1  0  0  0  0  107.918000
20150122 1  0  0  0  1  0  0  0  68.211000
20150123 1  0  0  0  0  1  0  0  73.162000
20150124 1  0  0  0  0  0  1  0  47.553000
20150125 1  0  0  0  0  0  0  1  52.492000
20150126 1  1  0  0  0  0  0  0  106.942000
20150127 1  0  1  0  0  0  0  0  55.721000
20150128 1  0  0  1  0  0  0  0  100.213000
20150129 1  0  0  0  1  0  0  0  36.059000
20150130 1  0  0  0  0  1  0  0  50.300000
20150131 1  0  0  0  0  0  1  0  70.679000
20150201 1  0  0  0  0  0  0  1  36.049000
20150202 1  1  0  0  0  0  0  0  74.645000
20150203 1  0  1  0  0  0  0  0  50.649000
20150204 1  0  0  1  0  0  0  0  1.442000
20150205 1  0  0  0  1  0  0  0  64.015000
20150206 1  0  0  0  0  1  0  0  46.209000
20150207 1  0  0  0  0  0  1  0  46.363000
20150208 1  0  0  0  0  0  0  1  39.676000
20150209 1  1  0  0  0  0  0  0  69.645000
20150210 1  0  1  0  0  0  0  0  46.882000
20150211 1  0  0  1  0  0  0  0  56.247000
20150212 1  0  0  0  1  0  0  0  54.268000
20150213 1  0  0  0  0  1  0  0  44.627000
20150214 1  0  0  0  0  0  1  0  0
20150215 1  0  0  0  0  0  0  1  58.768000
20150216 1  1  0  0  0  0  0  0  77.400000
20150217 1  0  1  0  0  0  0  0  74.224000
20150218 1  0  0  1  0  0  0  0  70.944000
20150219 1  0  0  0  1  0  0  0  7.173000
20150220 1  0  0  0  0  1  0  0  9.297000
20150221 1  0  0  0  0  0  1  0  26.623000
20150222 1  0  0  0  0  0  0  1  35.824000
20150223 1  1  0  0  0  0  0  0  20.773000
20150224 1  0  1  0  0  0  0  0  49.709000
20150225 1  0  0  1  0  0  0  0  45.429000
20150226 1  0  0  0  1  0  0  0  30.518000
20150227 1  0  0  0  0  1  0  0  42.491000
20150228 1  0  0  0  0  0  1  0  25.199000
20150301 1  0  0  0  0  0  0  1  44.594000
20150302 1  1  0  0  0  0  0  0  49.533000
20150303 1  0  1  0  0  0  0  0  41.591000
20150304 1  0  0  1  0  0  0  0  45.362000
20150305 1  0  0  0  1  0  0  0  32.100000
20150306 1  0  0  0  0  1  0  0  53.667000
20150307 1  0  0  0  0  0  1  0  20.797000
20150308 1  0  0  0  0  0  0  1  66.489000
20150309 1  1  0  0  0  0  0  0  53.122000
20150310 1  0  1  0  0  0  0  0  43.584000
20150311 1  0  0  1  0  0  0  0  52.448000
20150312 1  0  0  0  1  0  0  0  52.201000
20150313 1  0  0  0  0  1  0  0  50.331000
20150314 1  0  0  0  0  0  1  0  72.958000
20150315 1  0  0  0  0  0  0  1  29.687000
20150316 1  1  0  0  0  0  0  0  49.611000
20150317 1  0  1  0  0  0  0  0  37.020000
20150318 1  0  0  1  0  0  0  0  69.784000
20150319 1  0  0  0  1  0  0  0  40.641000
20150320 1  0  0  0  0  1  0  0  25.493000
20150321 1  0  0  0  0  0  1  0  25.709000
20150322 1  0  0  0  0  0  0  1  34.093000
20150323 1  1  0  0  0  0  0  0  52.291000
20150324 1  0  1  0  0  0  0  0  35.011000
20150325 1  0  0  1  0  0  0  0  56.529000
20150326 1  0  0  0  1  0  0  0  32.534000
20150327 1  0  0  0  0  1  0  0  31.952000
20150328 1  0  0  0  0  0  1  0  44.377000
20150329 1  0  0  0  0  0  0  1  20.774000
20150330 1  1  0  0  0  0  0  0  58.244000
20150331 1  0  1  0  0  0  0  0  0
20150401 1  0  0  1  0  0  0  0  87.105000
20150402 1  0  0  0  1  0  0  0  31.806000
20150403 1  0  0  0  0  1  0  0  45.427000
20150404 1  0  0  0  0  0  1  0  46.822000
20150405 1  0  0  0  0  0  0  1  36.579000
20150406 1  1  0  0  0  0  0  0  27.444000
20150407 1  0  1  0  0  0  0  0  43.614000
20150408 1  0  0  1  0  0  0  0  60.505000
20150409 1  0  0  0  1  0  0  0  0
20150410 1  0  0  0  0  1  0  0  37.510000
20150411 1  0  0  0  0  0  1  0  43.627000
20150412 1  0  0  0  0  0  0  1  43.787000
20150413 1  1  0  0  0  0  0  0  52.464000
20150414 1  0  1  0  0  0  0  0  41.588000
20150415 1  0  0  1  0  0  0  0  54.872000
20150416 1  0  0  0  1  0  0  0  0
20150417 1  0  0  0  0  1  0  0  48.292000
20150418 1  0  0  0  0  0  1  0  51.536000
20150419 1  0  0  0  0  0  0  1  43.743000
20150420 1  1  0  0  0  0  0  0  52.449000
20150421 1  0  1  0  0  0  0  0  41.365000
20150422 1  0  0  1  0  0  0  0  81.586000
20150423 1  0  0  0  1  0  0  0  42.206000
20150424 1  0  0  0  0  1  0  0  62.973000
20150425 1  0  0  0  0  0  1  0  41.719000
20150426 1  0  0  0  0  0  0  1  61.541000
20150427 1  1  0  0  0  0  0  0  71.102000
20150428 1  0  1  0  0  0  0  0  41.465000
20150429 1  0  0  1  0  0  0  0  66.125000
20150430 1  0  0  0  1  0  0  0  29.088000
