20150101 1  0  0  0  1  0  0  0  34.454000
20150102 1  0  0  0  0  1  0  0  34.905000
20150103 1  0  0  0  0  0  1  0  22.938000
20150104 1  0  0  0  0  0  0  1  21.254000
20150105 1  1  0  0  0  0  0  0  27.161000
20150106 1  0  1  0  0  0  0  0  38.538000
20150107 1  0  0  1  0  0  0  0  24.409000
20150108 1  0  0  0  1  0  0  0  40.115000
20150109 1  0  0  0  0  1  0  0  31.123000
20150110 1  0  0  0  0  0  1  0  35.371000
20150111 1  0  0  0  0  0  0  1  23.321000
20150112 1  1  0  0  0  0  0  0  21.153000
20150113 1  0  1  0  0  0  0  0  26.282000
20150114 1  0  0  1  0  0  0  0  51.373000
20150115 1  0  0  0  1  0  0  0  21.290000
20150116 1  0  0  0  0  1  0  0  32.513000
20150117 1  0  0  0  0  0  1  0  26.005000
20150118 1  0  0  0  0  0  0  1  45.418000
20150119 1  1  0  0  0  0  0  0  53.422000
20150120 1  0  1  0  0  0  0  0  42.957000
20150121 1  0  0  1  0  0  0  0  57.897000
20150122 1  0  0  0  1  0  0  0  25.960000
20150123 1  0  0  0  0  1  0  0  37.520000
20150124 1  0  0  0  0  0  1  0  43.127000
20150125 1  0  0  0  0  0  0  1  32.544000
20150126 1  1  0  0  0  0  0  0  35.094000
20150127 1  0  1  0  0  0  0  0  27.802000
20150128 1  0  0  1  0  0  0  0  46.261000
20150129 1  0  0  0  1  0  0  0  13.702000
20150130 1  0  0  0  0  1  0  0  38.536000
20150131 1  0  0  0  0  0  1  0  25.772000
20150201 1  0  0  0  0  0  0  1  38.306000
20150202 1  1  0  0  0  0  0  0  35.738000
20150203 1  0  1  0  0  0  0  0  19.759000
20150204 1  0  0  1  0  0  0  0  0
20150205 1  0  0  0  1  0  0  0  11.834000
20150206 1  0  0  0  0  1  0  0  34.007000
20150207 1  0  0  0  0  0  1  0  26.700000
20150208 1  0  0  0  0  0  0  1  21.995000
20150209 1  1  0  0  0  0  0  0  47.445000
20150210 1  0  1  0  0  0  0  0  25.697000
20150211 1  0  0  1  0  0  0  0  22.831000
20150212 1  0  0  0  1  0  0  0  31.513000
20150213 1  0  0  0  0  1  0  0  22.485000
20150214 1  0  0  0  0  0  1  0  0
20150215 1  0  0  0  0  0  0  1  31.683000
20150216 1  1  0  0  0  0  0  0  48.135000
20150217 1  0  1  0  0  0  0  0  48.343000
20150218 1  0  0  1  0  0  0  0  51.506000
20150219 1  0  0  0  1  0  0  0  6.436000
20150220 1  0  0  0  0  1  0  0  15.586000
20150221 1  0  0  0  0  0  1  0  9.249000
20150222 1  0  0  0  0  0  0  1  18.176000
20150223 1  1  0  0  0  0  0  0  9.466000
20150224 1  0  1  0  0  0  0  0  35.004000
20150225 1  0  0  1  0  0  0  0  21.420000
20150226 1  0  0  0  1  0  0  0  18.047000
20150227 1  0  0  0  0  1  0  0  18.559000
20150228 1  0  0  0  0  0  1  0  22.203000
20150301 1  0  0  0  0  0  0  1  35.829000
20150302 1  1  0  0  0  0  0  0  20.101000
20150303 1  0  1  0  0  0  0  0  2.502000
20150304 1  0  0  1  0  0  0  0  51.634000
20150305 1  0  0  0  1  0  0  0  18.504000
20150306 1  0  0  0  0  1  0  0  27.110000
20150307 1  0  0  0  0  0  1  0  25.986000
20150308 1  0  0  0  0  0  0  1  33.312000
20150309 1  1  0  0  0  0  0  0  21.772000
20150310 1  0  1  0  0  0  0  0  27.186000
20150311 1  0  0  1  0  0  0  0  51.694000
20150312 1  0  0  0  1  0  0  0  32.917000
20150313 1  0  0  0  0  1  0  0  24.599000
20150314 1  0  0  0  0  0  1  0  27.554000
20150315 1  0  0  0  0  0  0  1  29.759000
20150316 1  1  0  0  0  0  0  0  30.123000
20150317 1  0  1  0  0  0  0  0  38.860000
20150318 1  0  0  1  0  0  0  0  83.626000
20150319 1  0  0  0  1  0  0  0  22.093000
20150320 1  0  0  0  0  1  0  0  13.638000
20150321 1  0  0  0  0  0  1  0  30.575000
20150322 1  0  0  0  0  0  0  1  14.372000
20150323 1  1  0  0  0  0  0  0  51.848000
20150324 1  0  1  0  0  0  0  0  34.226000
20150325 1  0  0  1  0  0  0  0  58.461000
20150326 1  0  0  0  1  0  0  0  15.243000
20150327 1  0  0  0  0  1  0  0  22.899000
20150328 1  0  0  0  0  0  1  0  23.489000
20150329 1  0  0  0  0  0  0  1  26.056000
20150330 1  1  0  0  0  0  0  0  36.866000
20150331 1  0  1  0  0  0  0  0  0
20150401 1  0  0  1  0  0  0  0  41.249000
20150402 1  0  0  0  1  0  0  0  32.525000
20150403 1  0  0  0  0  1  0  0  27.421000
20150404 1  0  0  0  0  0  1  0  13.737000
20150405 1  0  0  0  0  0  0  1  16.480000
20150406 1  1  0  0  0  0  0  0  13.452000
20150407 1  0  1  0  0  0  0  0  41.421000
20150408 1  0  0  1  0  0  0  0  59.921000
20150409 1  0  0  0  1  0  0  0  0
20150410 1  0  0  0  0  1  0  0  17.963000
20150411 1  0  0  0  0  0  1  0  35.556000
20150412 1  0  0  0  0  0  0  1  54.785000
20150413 1  1  0  0  0  0  0  0  23.847000
20150414 1  0  1  0  0  0  0  0  65.264000
20150415 1  0  0  1  0  0  0  0  55.902000
20150416 1  0  0  0  1  0  0  0  0
20150417 1  0  0  0  0  1  0  0  39.333000
20150418 1  0  0  0  0  0  1  0  36.084000
20150419 1  0  0  0  0  0  0  1  11.202000
20150420 1  1  0  0  0  0  0  0  28.954000
20150421 1  0  1  0  0  0  0  0  21.273000
20150422 1  0  0  1  0  0  0  0  56.191000
20150423 1  0  0  0  1  0  0  0  31.448000
20150424 1  0  0  0  0  1  0  0  24.222000
20150425 1  0  0  0  0  0  1  0  16.676000
20150426 1  0  0  0  0  0  0  1  39.183000
20150427 1  1  0  0  0  0  0  0  34.243000
20150428 1  0  1  0  0  0  0  0  21.341000
20150429 1  0  0  1  0  0  0  0  55.907000
20150430 1  0  0  0  1  0  0  0  17.418000
