20150101 1  0  0  0  1  0  0  0  0.283000
20150102 1  0  0  0  0  1  0  0  1.341000
20150103 1  0  0  0  0  0  1  0  0.394000
20150104 1  0  0  0  0  0  0  1  0.405000
20150105 1  1  0  0  0  0  0  0  1.092000
20150106 1  0  1  0  0  0  0  0  1.608000
20150107 1  0  0  1  0  0  0  0  2.084000
20150108 1  0  0  0  1  0  0  0  1.470000
20150109 1  0  0  0  0  1  0  0  1.852000
20150110 1  0  0  0  0  0  1  0  0.744000
20150111 1  0  0  0  0  0  0  1  0.653000
20150112 1  1  0  0  0  0  0  0  0.002000
20150113 1  0  1  0  0  0  0  0  0.808000
20150114 1  0  0  1  0  0  0  0  0.276000
20150115 1  0  0  0  1  0  0  0  0.796000
20150116 1  0  0  0  0  1  0  0  0.001000
20150117 1  0  0  0  0  0  1  0  2.346000
20150118 1  0  0  0  0  0  0  1  3.133000
20150119 1  1  0  0  0  0  0  0  0.001000
20150120 1  0  1  0  0  0  0  0  1.994000
20150121 1  0  0  1  0  0  0  0  1.483000
20150122 1  0  0  0  1  0  0  0  0
20150123 1  0  0  0  0  1  0  0  1.610000
20150124 1  0  0  0  0  0  1  0  0
20150125 1  0  0  0  0  0  0  1  2.990000
20150126 1  1  0  0  0  0  0  0  0.962000
20150127 1  0  1  0  0  0  0  0  0.764000
20150128 1  0  0  1  0  0  0  0  1.169000
20150129 1  0  0  0  1  0  0  0  0.342000
20150130 1  0  0  0  0  1  0  0  0.774000
20150131 1  0  0  0  0  0  1  0  1.306000
20150201 1  0  0  0  0  0  0  1  0.001000
20150202 1  1  0  0  0  0  0  0  1.804000
20150203 1  0  1  0  0  0  0  0  1.889000
20150204 1  0  0  1  0  0  0  0  0
20150205 1  0  0  0  1  0  0  0  0.114000
20150206 1  0  0  0  0  1  0  0  1.507000
20150207 1  0  0  0  0  0  1  0  0.766000
20150208 1  0  0  0  0  0  0  1  0.001000
20150209 1  1  0  0  0  0  0  0  1.369000
20150210 1  0  1  0  0  0  0  0  1.518000
20150211 1  0  0  1  0  0  0  0  0.617000
20150212 1  0  0  0  1  0  0  0  0.912000
20150213 1  0  0  0  0  1  0  0  0.656000
20150214 1  0  0  0  0  0  1  0  0
20150215 1  0  0  0  0  0  0  1  0.888000
20150216 1  1  0  0  0  0  0  0  0.896000
20150217 1  0  1  0  0  0  0  0  1.894000
20150218 1  0  0  1  0  0  0  0  0
20150219 1  0  0  0  1  0  0  0  0.001000
20150220 1  0  0  0  0  1  0  0  0
20150221 1  0  0  0  0  0  1  0  0.892000
20150222 1  0  0  0  0  0  0  1  0.822000
20150223 1  1  0  0  0  0  0  0  0.001000
20150224 1  0  1  0  0  0  0  0  1.334000
20150225 1  0  0  1  0  0  0  0  2.408000
20150226 1  0  0  0  1  0  0  0  0.566000
20150227 1  0  0  0  0  1  0  0  0
20150228 1  0  0  0  0  0  1  0  1.871000
20150301 1  0  0  0  0  0  0  1  0
20150302 1  1  0  0  0  0  0  0  1.771000
20150303 1  0  1  0  0  0  0  0  0
20150304 1  0  0  1  0  0  0  0  2.001000
20150305 1  0  0  0  1  0  0  0  1.135000
20150306 1  0  0  0  0  1  0  0  0.759000
20150307 1  0  0  0  0  0  1  0  0.294000
20150308 1  0  0  0  0  0  0  1  0.816000
20150309 1  1  0  0  0  0  0  0  1.077000
20150310 1  0  1  0  0  0  0  0  0.662000
20150311 1  0  0  1  0  0  0  0  0.001000
20150312 1  0  0  0  1  0  0  0  1.437000
20150313 1  0  0  0  0  1  0  0  1.537000
20150314 1  0  0  0  0  0  1  0  0.001000
20150315 1  0  0  0  0  0  0  1  0.001000
20150316 1  1  0  0  0  0  0  0  0
20150317 1  0  1  0  0  0  0  0  1.509000
20150318 1  0  0  1  0  0  0  0  0.001000
20150319 1  0  0  0  1  0  0  0  0.548000
20150320 1  0  0  0  0  1  0  0  0
20150321 1  0  0  0  0  0  1  0  0.001000
20150322 1  0  0  0  0  0  0  1  0.700000
20150323 1  1  0  0  0  0  0  0  1.618000
20150324 1  0  1  0  0  0  0  0  0.257000
20150325 1  0  0  1  0  0  0  0  0.001000
20150326 1  0  0  0  1  0  0  0  0.920000
20150327 1  0  0  0  0  1  0  0  0
20150328 1  0  0  0  0  0  1  0  1.602000
20150329 1  0  0  0  0  0  0  1  0
20150330 1  1  0  0  0  0  0  0  1.300000
20150331 1  0  1  0  0  0  0  0  0
20150401 1  0  0  1  0  0  0  0  0
20150402 1  0  0  0  1  0  0  0  1.877000
20150403 1  0  0  0  0  1  0  0  0.512000
20150404 1  0  0  0  0  0  1  0  2.889000
20150405 1  0  0  0  0  0  0  1  1.094000
20150406 1  1  0  0  0  0  0  0  0
20150407 1  0  1  0  0  0  0  0  1.852000
20150408 1  0  0  1  0  0  0  0  0
20150409 1  0  0  0  1  0  0  0  0
20150410 1  0  0  0  0  1  0  0  0
20150411 1  0  0  0  0  0  1  0  2.789000
20150412 1  0  0  0  0  0  0  1  1.054000
20150413 1  1  0  0  0  0  0  0  1.795000
20150414 1  0  1  0  0  0  0  0  1.165000
20150415 1  0  0  1  0  0  0  0  1.280000
20150416 1  0  0  0  1  0  0  0  0
20150417 1  0  0  0  0  1  0  0  3.642000
20150418 1  0  0  0  0  0  1  0  0.250000
20150419 1  0  0  0  0  0  0  1  0.101000
20150420 1  1  0  0  0  0  0  0  0.002000
20150421 1  0  1  0  0  0  0  0  1.170000
20150422 1  0  0  1  0  0  0  0  0.002000
20150423 1  0  0  0  1  0  0  0  0.416000
20150424 1  0  0  0  0  1  0  0  1.743000
20150425 1  0  0  0  0  0  1  0  0.792000
20150426 1  0  0  0  0  0  0  1  2.012000
20150427 1  1  0  0  0  0  0  0  0.732000
20150428 1  0  1  0  0  0  0  0  0.425000
20150429 1  0  0  1  0  0  0  0  0.633000
20150430 1  0  0  0  1  0  0  0  0.594000
