20150101 1  0  0  0  1  0  0  0  12.995000
20150102 1  0  0  0  0  1  0  0  12.000000
20150103 1  0  0  0  0  0  1  0  6.410000
20150104 1  0  0  0  0  0  0  1  6.000000
20150105 1  1  0  0  0  0  0  0  5.399000
20150106 1  0  1  0  0  0  0  0  0
20150107 1  0  0  1  0  0  0  0  6.017000
20150108 1  0  0  0  1  0  0  0  8.477000
20150109 1  0  0  0  0  1  0  0  6.756000
20150110 1  0  0  0  0  0  1  0  10.000000
20150111 1  0  0  0  0  0  0  1  10.241000
20150112 1  1  0  0  0  0  0  0  22.665000
20150113 1  0  1  0  0  0  0  0  16.000000
20150114 1  0  0  1  0  0  0  0  5.819000
20150115 1  0  0  0  1  0  0  0  18.000000
20150116 1  0  0  0  0  1  0  0  6.856000
20150117 1  0  0  0  0  0  1  0  3.178000
20150118 1  0  0  0  0  0  0  1  9.260000
20150119 1  1  0  0  0  0  0  0  4.432000
20150120 1  0  1  0  0  0  0  0  0.793000
20150121 1  0  0  1  0  0  0  0  8.000000
20150122 1  0  0  0  1  0  0  0  6.379000
20150123 1  0  0  0  0  1  0  0  1.000000
20150124 1  0  0  0  0  0  1  0  2.000000
20150125 1  0  0  0  0  0  0  1  8.000000
20150126 1  1  0  0  0  0  0  0  6.000000
20150127 1  0  1  0  0  0  0  0  0
20150128 1  0  0  1  0  0  0  0  8.919000
20150129 1  0  0  0  1  0  0  0  7.279000
20150130 1  0  0  0  0  1  0  0  1.500000
20150131 1  0  0  0  0  0  1  0  11.014000
20150201 1  0  0  0  0  0  0  1  13.015000
20150202 1  1  0  0  0  0  0  0  5.719000
20150203 1  0  1  0  0  0  0  0  1.123000
20150204 1  0  0  1  0  0  0  0  0
20150205 1  0  0  0  1  0  0  0  13.125000
20150206 1  0  0  0  0  1  0  0  11.041000
20150207 1  0  0  0  0  0  1  0  6.170000
20150208 1  0  0  0  0  0  0  1  8.650000
20150209 1  1  0  0  0  0  0  0  9.464000
20150210 1  0  1  0  0  0  0  0  5.955000
20150211 1  0  0  1  0  0  0  0  1.222000
20150212 1  0  0  0  1  0  0  0  4.904000
20150213 1  0  0  0  0  1  0  0  0.582000
20150214 1  0  0  0  0  0  1  0  0
20150215 1  0  0  0  0  0  0  1  11.320000
20150216 1  1  0  0  0  0  0  0  4.000000
20150217 1  0  1  0  0  0  0  0  0
20150218 1  0  0  1  0  0  0  0  0
20150219 1  0  0  0  1  0  0  0  0
20150220 1  0  0  0  0  1  0  0  0
20150221 1  0  0  0  0  0  1  0  0
20150222 1  0  0  0  0  0  0  1  0
20150223 1  1  0  0  0  0  0  0  0
20150224 1  0  1  0  0  0  0  0  0
20150225 1  0  0  1  0  0  0  0  0
20150226 1  0  0  0  1  0  0  0  0.455000
20150227 1  0  0  0  0  1  0  0  8.000000
20150228 1  0  0  0  0  0  1  0  1.210000
20150301 1  0  0  0  0  0  0  1  14.792000
20150302 1  1  0  0  0  0  0  0  1.952000
20150303 1  0  1  0  0  0  0  0  19.812000
20150304 1  0  0  1  0  0  0  0  2.133000
20150305 1  0  0  0  1  0  0  0  8.145000
20150306 1  0  0  0  0  1  0  0  10.018000
20150307 1  0  0  0  0  0  1  0  8.972000
20150308 1  0  0  0  0  0  0  1  7.942000
20150309 1  1  0  0  0  0  0  0  2.584000
20150310 1  0  1  0  0  0  0  0  5.543000
20150311 1  0  0  1  0  0  0  0  4.840000
20150312 1  0  0  0  1  0  0  0  13.762000
20150313 1  0  0  0  0  1  0  0  6.572000
20150314 1  0  0  0  0  0  1  0  8.548000
20150315 1  0  0  0  0  0  0  1  13.293000
20150316 1  1  0  0  0  0  0  0  11.714000
20150317 1  0  1  0  0  0  0  0  3.065000
20150318 1  0  0  1  0  0  0  0  26.299000
20150319 1  0  0  0  1  0  0  0  4.964000
20150320 1  0  0  0  0  1  0  0  5.344000
20150321 1  0  0  0  0  0  1  0  10.552000
20150322 1  0  0  0  0  0  0  1  4.862000
20150323 1  1  0  0  0  0  0  0  5.108000
20150324 1  0  1  0  0  0  0  0  6.459000
20150325 1  0  0  1  0  0  0  0  8.778000
20150326 1  0  0  0  1  0  0  0  0.344000
20150327 1  0  0  0  0  1  0  0  1.515000
20150328 1  0  0  0  0  0  1  0  12.432000
20150329 1  0  0  0  0  0  0  1  2.927000
20150330 1  1  0  0  0  0  0  0  16.608000
20150331 1  0  1  0  0  0  0  0  0
20150401 1  0  0  1  0  0  0  0  6.279000
20150402 1  0  0  0  1  0  0  0  2.291000
20150403 1  0  0  0  0  1  0  0  8.215000
20150404 1  0  0  0  0  0  1  0  4.683000
20150405 1  0  0  0  0  0  0  1  4.972000
20150406 1  1  0  0  0  0  0  0  1.002000
20150407 1  0  1  0  0  0  0  0  6.457000
20150408 1  0  0  1  0  0  0  0  3.876000
20150409 1  0  0  0  1  0  0  0  0
20150410 1  0  0  0  0  1  0  0  5.268000
20150411 1  0  0  0  0  0  1  0  24.356000
20150412 1  0  0  0  0  0  0  1  0
20150413 1  1  0  0  0  0  0  0  14.000000
20150414 1  0  1  0  0  0  0  0  1.290000
20150415 1  0  0  1  0  0  0  0  1.696000
20150416 1  0  0  0  1  0  0  0  0
20150417 1  0  0  0  0  1  0  0  7.110000
20150418 1  0  0  0  0  0  1  0  17.176000
20150419 1  0  0  0  0  0  0  1  4.000000
20150420 1  1  0  0  0  0  0  0  1.684000
20150421 1  0  1  0  0  0  0  0  12.828000
20150422 1  0  0  1  0  0  0  0  13.946000
20150423 1  0  0  0  1  0  0  0  7.158000
20150424 1  0  0  0  0  1  0  0  8.260000
20150425 1  0  0  0  0  0  1  0  0.899000
20150426 1  0  0  0  0  0  0  1  3.520000
20150427 1  1  0  0  0  0  0  0  7.997000
20150428 1  0  1  0  0  0  0  0  6.000000
20150429 1  0  0  1  0  0  0  0  3.058000
20150430 1  0  0  0  1  0  0  0  0.583000
