20150101 1  0  0  0  1  0  0  0  40.000000
20150102 1  0  0  0  0  1  0  0  97.000000
20150103 1  0  0  0  0  0  1  0  29.000000
20150104 1  0  0  0  0  0  0  1  45.000000
20150105 1  1  0  0  0  0  0  0  53.000000
20150106 1  0  1  0  0  0  0  0  64.000000
20150107 1  0  0  1  0  0  0  0  115.000000
20150108 1  0  0  0  1  0  0  0  66.000000
20150109 1  0  0  0  0  1  0  0  44.000000
20150110 1  0  0  0  0  0  1  0  86.000000
20150111 1  0  0  0  0  0  0  1  130.000000
20150112 1  1  0  0  0  0  0  0  165.000000
20150113 1  0  1  0  0  0  0  0  52.000000
20150114 1  0  0  1  0  0  0  0  295.000000
20150115 1  0  0  0  1  0  0  0  51.000000
20150116 1  0  0  0  0  1  0  0  14.000000
20150117 1  0  0  0  0  0  1  0  49.000000
20150118 1  0  0  0  0  0  0  1  51.000000
20150119 1  1  0  0  0  0  0  0  123.000000
20150120 1  0  1  0  0  0  0  0  36.000000
20150121 1  0  0  1  0  0  0  0  90.000000
20150122 1  0  0  0  1  0  0  0  80.000000
20150123 1  0  0  0  0  1  0  0  32.000000
20150124 1  0  0  0  0  0  1  0  78.000000
20150125 1  0  0  0  0  0  0  1  103.000000
20150126 1  1  0  0  0  0  0  0  97.000000
20150127 1  0  1  0  0  0  0  0  73.000000
20150128 1  0  0  1  0  0  0  0  120.000000
20150129 1  0  0  0  1  0  0  0  64.000000
20150130 1  0  0  0  0  1  0  0  46.000000
20150131 1  0  0  0  0  0  1  0  128.000000
20150201 1  0  0  0  0  0  0  1  54.000000
20150202 1  1  0  0  0  0  0  0  65.000000
20150203 1  0  1  0  0  0  0  0  50.000000
20150204 1  0  0  1  0  0  0  0  0
20150205 1  0  0  0  1  0  0  0  59.000000
20150206 1  0  0  0  0  1  0  0  116.000000
20150207 1  0  0  0  0  0  1  0  13.000000
20150208 1  0  0  0  0  0  0  1  82.000000
20150209 1  1  0  0  0  0  0  0  112.000000
20150210 1  0  1  0  0  0  0  0  150.000000
20150211 1  0  0  1  0  0  0  0  130.000000
20150212 1  0  0  0  1  0  0  0  75.000000
20150213 1  0  0  0  0  1  0  0  99.000000
20150214 1  0  0  0  0  0  1  0  0
20150215 1  0  0  0  0  0  0  1  129.000000
20150216 1  1  0  0  0  0  0  0  219.000000
20150217 1  0  1  0  0  0  0  0  155.000000
20150218 1  0  0  1  0  0  0  0  197.000000
20150219 1  0  0  0  1  0  0  0  73.000000
20150220 1  0  0  0  0  1  0  0  73.000000
20150221 1  0  0  0  0  0  1  0  82.000000
20150222 1  0  0  0  0  0  0  1  121.000000
20150223 1  1  0  0  0  0  0  0  23.000000
20150224 1  0  1  0  0  0  0  0  39.000000
20150225 1  0  0  1  0  0  0  0  86.000000
20150226 1  0  0  0  1  0  0  0  24.000000
20150227 1  0  0  0  0  1  0  0  14.000000
20150228 1  0  0  0  0  0  1  0  59.000000
20150301 1  0  0  0  0  0  0  1  77.000000
20150302 1  1  0  0  0  0  0  0  5.000000
20150303 1  0  1  0  0  0  0  0  41.000000
20150304 1  0  0  1  0  0  0  0  138.000000
20150305 1  0  0  0  1  0  0  0  32.000000
20150306 1  0  0  0  0  1  0  0  64.000000
20150307 1  0  0  0  0  0  1  0  70.000000
20150308 1  0  0  0  0  0  0  1  76.000000
20150309 1  1  0  0  0  0  0  0  97.000000
20150310 1  0  1  0  0  0  0  0  18.000000
20150311 1  0  0  1  0  0  0  0  46.000000
20150312 1  0  0  0  1  0  0  0  56.000000
20150313 1  0  0  0  0  1  0  0  17.000000
20150314 1  0  0  0  0  0  1  0  64.000000
20150315 1  0  0  0  0  0  0  1  28.000000
20150316 1  1  0  0  0  0  0  0  73.000000
20150317 1  0  1  0  0  0  0  0  58.000000
20150318 1  0  0  1  0  0  0  0  98.000000
20150319 1  0  0  0  1  0  0  0  85.000000
20150320 1  0  0  0  0  1  0  0  95.000000
20150321 1  0  0  0  0  0  1  0  91.000000
20150322 1  0  0  0  0  0  0  1  107.000000
20150323 1  1  0  0  0  0  0  0  96.000000
20150324 1  0  1  0  0  0  0  0  30.000000
20150325 1  0  0  1  0  0  0  0  125.000000
20150326 1  0  0  0  1  0  0  0  66.000000
20150327 1  0  0  0  0  1  0  0  48.000000
20150328 1  0  0  0  0  0  1  0  18.000000
20150329 1  0  0  0  0  0  0  1  57.000000
20150330 1  1  0  0  0  0  0  0  98.000000
20150331 1  0  1  0  0  0  0  0  0
20150401 1  0  0  1  0  0  0  0  95.000000
20150402 1  0  0  0  1  0  0  0  41.000000
20150403 1  0  0  0  0  1  0  0  60.000000
20150404 1  0  0  0  0  0  1  0  73.000000
20150405 1  0  0  0  0  0  0  1  54.000000
20150406 1  1  0  0  0  0  0  0  83.000000
20150407 1  0  1  0  0  0  0  0  130.000000
20150408 1  0  0  1  0  0  0  0  28.000000
20150409 1  0  0  0  1  0  0  0  0
20150410 1  0  0  0  0  1  0  0  24.000000
20150411 1  0  0  0  0  0  1  0  109.000000
20150412 1  0  0  0  0  0  0  1  94.000000
20150413 1  1  0  0  0  0  0  0  57.000000
20150414 1  0  1  0  0  0  0  0  65.000000
20150415 1  0  0  1  0  0  0  0  146.000000
20150416 1  0  0  0  1  0  0  0  0
20150417 1  0  0  0  0  1  0  0  87.000000
20150418 1  0  0  0  0  0  1  0  117.000000
20150419 1  0  0  0  0  0  0  1  60.000000
20150420 1  1  0  0  0  0  0  0  193.000000
20150421 1  0  1  0  0  0  0  0  69.000000
20150422 1  0  0  1  0  0  0  0  216.000000
20150423 1  0  0  0  1  0  0  0  34.000000
20150424 1  0  0  0  0  1  0  0  140.000000
20150425 1  0  0  0  0  0  1  0  71.000000
20150426 1  0  0  0  0  0  0  1  107.000000
20150427 1  1  0  0  0  0  0  0  63.000000
20150428 1  0  1  0  0  0  0  0  50.000000
20150429 1  0  0  1  0  0  0  0  172.000000
20150430 1  0  0  0  1  0  0  0  63.000000
