20150101 1  0  0  0  1  0  0  0  12.132000
20150102 1  0  0  0  0  1  0  0  6.410000
20150103 1  0  0  0  0  0  1  0  7.306000
20150104 1  0  0  0  0  0  0  1  1.942000
20150105 1  1  0  0  0  0  0  0  3.798000
20150106 1  0  1  0  0  0  0  0  8.914000
20150107 1  0  0  1  0  0  0  0  27.474000
20150108 1  0  0  0  1  0  0  0  18.945000
20150109 1  0  0  0  0  1  0  0  6.854000
20150110 1  0  0  0  0  0  1  0  13.344000
20150111 1  0  0  0  0  0  0  1  15.066000
20150112 1  1  0  0  0  0  0  0  14.598000
20150113 1  0  1  0  0  0  0  0  9.766000
20150114 1  0  0  1  0  0  0  0  10.071000
20150115 1  0  0  0  1  0  0  0  8.908000
20150116 1  0  0  0  0  1  0  0  7.298000
20150117 1  0  0  0  0  0  1  0  13.276000
20150118 1  0  0  0  0  0  0  1  5.312000
20150119 1  1  0  0  0  0  0  0  11.747000
20150120 1  0  1  0  0  0  0  0  8.044000
20150121 1  0  0  1  0  0  0  0  14.568000
20150122 1  0  0  0  1  0  0  0  12.966000
20150123 1  0  0  0  0  1  0  0  7.694000
20150124 1  0  0  0  0  0  1  0  9.672000
20150125 1  0  0  0  0  0  0  1  7.624000
20150126 1  1  0  0  0  0  0  0  11.774000
20150127 1  0  1  0  0  0  0  0  7.392000
20150128 1  0  0  1  0  0  0  0  14.294000
20150129 1  0  0  0  1  0  0  0  8.592000
20150130 1  0  0  0  0  1  0  0  12.494000
20150131 1  0  0  0  0  0  1  0  5.084000
20150201 1  0  0  0  0  0  0  1  12.492000
20150202 1  1  0  0  0  0  0  0  17.122000
20150203 1  0  1  0  0  0  0  0  11.037000
20150204 1  0  0  1  0  0  0  0  0
20150205 1  0  0  0  1  0  0  0  5.206000
20150206 1  0  0  0  0  1  0  0  9.412000
20150207 1  0  0  0  0  0  1  0  8.866000
20150208 1  0  0  0  0  0  0  1  12.342000
20150209 1  1  0  0  0  0  0  0  14.572000
20150210 1  0  1  0  0  0  0  0  18.866000
20150211 1  0  0  1  0  0  0  0  15.890000
20150212 1  0  0  0  1  0  0  0  9.994000
20150213 1  0  0  0  0  1  0  0  8.606000
20150214 1  0  0  0  0  0  1  0  0
20150215 1  0  0  0  0  0  0  1  21.016000
20150216 1  1  0  0  0  0  0  0  17.306000
20150217 1  0  1  0  0  0  0  0  21.130000
20150218 1  0  0  1  0  0  0  0  12.320000
20150219 1  0  0  0  1  0  0  0  0
20150220 1  0  0  0  0  1  0  0  1.000000
20150221 1  0  0  0  0  0  1  0  3.632000
20150222 1  0  0  0  0  0  0  1  4.230000
20150223 1  1  0  0  0  0  0  0  4.088000
20150224 1  0  1  0  0  0  0  0  8.526000
20150225 1  0  0  1  0  0  0  0  7.044000
20150226 1  0  0  0  1  0  0  0  8.268000
20150227 1  0  0  0  0  1  0  0  9.956000
20150228 1  0  0  0  0  0  1  0  7.582000
20150301 1  0  0  0  0  0  0  1  8.074000
20150302 1  1  0  0  0  0  0  0  4.342000
20150303 1  0  1  0  0  0  0  0  13.578000
20150304 1  0  0  1  0  0  0  0  16.261000
20150305 1  0  0  0  1  0  0  0  5.038000
20150306 1  0  0  0  0  1  0  0  6.670000
20150307 1  0  0  0  0  0  1  0  5.172000
20150308 1  0  0  0  0  0  0  1  7.983000
20150309 1  1  0  0  0  0  0  0  14.055000
20150310 1  0  1  0  0  0  0  0  6.168000
20150311 1  0  0  1  0  0  0  0  10.258000
20150312 1  0  0  0  1  0  0  0  6.882000
20150313 1  0  0  0  0  1  0  0  4.282000
20150314 1  0  0  0  0  0  1  0  7.822000
20150315 1  0  0  0  0  0  0  1  11.766000
20150316 1  1  0  0  0  0  0  0  6.404000
20150317 1  0  1  0  0  0  0  0  3.321000
20150318 1  0  0  1  0  0  0  0  19.234000
20150319 1  0  0  0  1  0  0  0  6.599000
20150320 1  0  0  0  0  1  0  0  3.053000
20150321 1  0  0  0  0  0  1  0  6.759000
20150322 1  0  0  0  0  0  0  1  4.670000
20150323 1  1  0  0  0  0  0  0  19.819000
20150324 1  0  1  0  0  0  0  0  27.004000
20150325 1  0  0  1  0  0  0  0  17.354000
20150326 1  0  0  0  1  0  0  0  4.580000
20150327 1  0  0  0  0  1  0  0  8.236000
20150328 1  0  0  0  0  0  1  0  9.938000
20150329 1  0  0  0  0  0  0  1  5.673000
20150330 1  1  0  0  0  0  0  0  9.771000
20150331 1  0  1  0  0  0  0  0  0
20150401 1  0  0  1  0  0  0  0  15.831000
20150402 1  0  0  0  1  0  0  0  7.308000
20150403 1  0  0  0  0  1  0  0  7.661000
20150404 1  0  0  0  0  0  1  0  7.211000
20150405 1  0  0  0  0  0  0  1  1.500000
20150406 1  1  0  0  0  0  0  0  4.272000
20150407 1  0  1  0  0  0  0  0  7.960000
20150408 1  0  0  1  0  0  0  0  22.942000
20150409 1  0  0  0  1  0  0  0  0
20150410 1  0  0  0  0  1  0  0  8.070000
20150411 1  0  0  0  0  0  1  0  3.492000
20150412 1  0  0  0  0  0  0  1  12.765000
20150413 1  1  0  0  0  0  0  0  10.850000
20150414 1  0  1  0  0  0  0  0  16.459000
20150415 1  0  0  1  0  0  0  0  12.530000
20150416 1  0  0  0  1  0  0  0  0
20150417 1  0  0  0  0  1  0  0  6.715000
20150418 1  0  0  0  0  0  1  0  11.608000
20150419 1  0  0  0  0  0  0  1  14.118000
20150420 1  1  0  0  0  0  0  0  11.520000
20150421 1  0  1  0  0  0  0  0  6.358000
20150422 1  0  0  1  0  0  0  0  16.150000
20150423 1  0  0  0  1  0  0  0  4.542000
20150424 1  0  0  0  0  1  0  0  10.042000
20150425 1  0  0  0  0  0  1  0  6.264000
20150426 1  0  0  0  0  0  0  1  10.780000
20150427 1  1  0  0  0  0  0  0  10.594000
20150428 1  0  1  0  0  0  0  0  6.576000
20150429 1  0  0  1  0  0  0  0  13.566000
20150430 1  0  0  0  1  0  0  0  11.690000
