20150101 1  0  0  0  1  0  0  0  6.014000
20150102 1  0  0  0  0  1  0  0  2.452000
20150103 1  0  0  0  0  0  1  0  11.406000
20150104 1  0  0  0  0  0  0  1  23.709000
20150105 1  1  0  0  0  0  0  0  14.618000
20150106 1  0  1  0  0  0  0  0  8.320000
20150107 1  0  0  1  0  0  0  0  16.701000
20150108 1  0  0  0  1  0  0  0  7.006000
20150109 1  0  0  0  0  1  0  0  9.888000
20150110 1  0  0  0  0  0  1  0  5.651000
20150111 1  0  0  0  0  0  0  1  7.545000
20150112 1  1  0  0  0  0  0  0  14.279000
20150113 1  0  1  0  0  0  0  0  9.840000
20150114 1  0  0  1  0  0  0  0  43.730000
20150115 1  0  0  0  1  0  0  0  8.037000
20150116 1  0  0  0  0  1  0  0  15.676000
20150117 1  0  0  0  0  0  1  0  16.030000
20150118 1  0  0  0  0  0  0  1  13.455000
20150119 1  1  0  0  0  0  0  0  20.868000
20150120 1  0  1  0  0  0  0  0  19.386000
20150121 1  0  0  1  0  0  0  0  26.188000
20150122 1  0  0  0  1  0  0  0  7.488000
20150123 1  0  0  0  0  1  0  0  63.511000
20150124 1  0  0  0  0  0  1  0  8.062000
20150125 1  0  0  0  0  0  0  1  1.832000
20150126 1  1  0  0  0  0  0  0  27.952000
20150127 1  0  1  0  0  0  0  0  9.431000
20150128 1  0  0  1  0  0  0  0  11.146000
20150129 1  0  0  0  1  0  0  0  17.030000
20150130 1  0  0  0  0  1  0  0  3.976000
20150131 1  0  0  0  0  0  1  0  31.203000
20150201 1  0  0  0  0  0  0  1  12.384000
20150202 1  1  0  0  0  0  0  0  18.297000
20150203 1  0  1  0  0  0  0  0  3.777000
20150204 1  0  0  1  0  0  0  0  0
20150205 1  0  0  0  1  0  0  0  4.832000
20150206 1  0  0  0  0  1  0  0  6.869000
20150207 1  0  0  0  0  0  1  0  9.233000
20150208 1  0  0  0  0  0  0  1  11.978000
20150209 1  1  0  0  0  0  0  0  7.432000
20150210 1  0  1  0  0  0  0  0  36.839000
20150211 1  0  0  1  0  0  0  0  9.403000
20150212 1  0  0  0  1  0  0  0  3.886000
20150213 1  0  0  0  0  1  0  0  10.004000
20150214 1  0  0  0  0  0  1  0  0
20150215 1  0  0  0  0  0  0  1  5.000000
20150216 1  1  0  0  0  0  0  0  15.275000
20150217 1  0  1  0  0  0  0  0  13.961000
20150218 1  0  0  1  0  0  0  0  17.056000
20150219 1  0  0  0  1  0  0  0  0
20150220 1  0  0  0  0  1  0  0  2.000000
20150221 1  0  0  0  0  0  1  0  5.382000
20150222 1  0  0  0  0  0  0  1  0
20150223 1  1  0  0  0  0  0  0  2.000000
20150224 1  0  1  0  0  0  0  0  2.650000
20150225 1  0  0  1  0  0  0  0  2.506000
20150226 1  0  0  0  1  0  0  0  5.030000
20150227 1  0  0  0  0  1  0  0  5.624000
20150228 1  0  0  0  0  0  1  0  30.929000
20150301 1  0  0  0  0  0  0  1  4.450000
20150302 1  1  0  0  0  0  0  0  3.963000
20150303 1  0  1  0  0  0  0  0  5.004000
20150304 1  0  0  1  0  0  0  0  3.000000
20150305 1  0  0  0  1  0  0  0  4.718000
20150306 1  0  0  0  0  1  0  0  11.872000
20150307 1  0  0  0  0  0  1  0  5.005000
20150308 1  0  0  0  0  0  0  1  1.486000
20150309 1  1  0  0  0  0  0  0  84.099000
20150310 1  0  1  0  0  0  0  0  2.910000
20150311 1  0  0  1  0  0  0  0  8.533000
20150312 1  0  0  0  1  0  0  0  10.066000
20150313 1  0  0  0  0  1  0  0  12.572000
20150314 1  0  0  0  0  0  1  0  1.000000
20150315 1  0  0  0  0  0  0  1  7.904000
20150316 1  1  0  0  0  0  0  0  7.905000
20150317 1  0  1  0  0  0  0  0  6.444000
20150318 1  0  0  1  0  0  0  0  17.648000
20150319 1  0  0  0  1  0  0  0  4.600000
20150320 1  0  0  0  0  1  0  0  3.000000
20150321 1  0  0  0  0  0  1  0  2.000000
20150322 1  0  0  0  0  0  0  1  1.316000
20150323 1  1  0  0  0  0  0  0  1.820000
20150324 1  0  1  0  0  0  0  0  2.712000
20150325 1  0  0  1  0  0  0  0  12.648000
20150326 1  0  0  0  1  0  0  0  0
20150327 1  0  0  0  0  1  0  0  2.914000
20150328 1  0  0  0  0  0  1  0  5.302000
20150329 1  0  0  0  0  0  0  1  0
20150330 1  1  0  0  0  0  0  0  14.764000
20150331 1  0  1  0  0  0  0  0  0
20150401 1  0  0  1  0  0  0  0  9.654000
20150402 1  0  0  0  1  0  0  0  6.340000
20150403 1  0  0  0  0  1  0  0  4.000000
20150404 1  0  0  0  0  0  1  0  1.000000
20150405 1  0  0  0  0  0  0  1  16.505000
20150406 1  1  0  0  0  0  0  0  1.000000
20150407 1  0  1  0  0  0  0  0  4.386000
20150408 1  0  0  1  0  0  0  0  7.018000
20150409 1  0  0  0  1  0  0  0  0
20150410 1  0  0  0  0  1  0  0  6.796000
20150411 1  0  0  0  0  0  1  0  5.816000
20150412 1  0  0  0  0  0  0  1  8.600000
20150413 1  1  0  0  0  0  0  0  5.000000
20150414 1  0  1  0  0  0  0  0  4.266000
20150415 1  0  0  1  0  0  0  0  7.414000
20150416 1  0  0  0  1  0  0  0  0
20150417 1  0  0  0  0  1  0  0  5.938000
20150418 1  0  0  0  0  0  1  0  3.130000
20150419 1  0  0  0  0  0  0  1  5.766000
20150420 1  1  0  0  0  0  0  0  11.626000
20150421 1  0  1  0  0  0  0  0  5.160000
20150422 1  0  0  1  0  0  0  0  7.358000
20150423 1  0  0  0  1  0  0  0  2.000000
20150424 1  0  0  0  0  1  0  0  12.061000
20150425 1  0  0  0  0  0  1  0  9.919000
20150426 1  0  0  0  0  0  0  1  2.000000
20150427 1  1  0  0  0  0  0  0  11.878000
20150428 1  0  1  0  0  0  0  0  27.750000
20150429 1  0  0  1  0  0  0  0  40.083000
20150430 1  0  0  0  1  0  0  0  4.954000
