20150101 1  0  0  0  1  0  0  0  12.342000
20150102 1  0  0  0  0  1  0  0  13.394000
20150103 1  0  0  0  0  0  1  0  11.340000
20150104 1  0  0  0  0  0  0  1  22.786000
20150105 1  1  0  0  0  0  0  0  7.376000
20150106 1  0  1  0  0  0  0  0  11.310000
20150107 1  0  0  1  0  0  0  0  18.378000
20150108 1  0  0  0  1  0  0  0  8.782000
20150109 1  0  0  0  0  1  0  0  11.280000
20150110 1  0  0  0  0  0  1  0  24.822000
20150111 1  0  0  0  0  0  0  1  13.480000
20150112 1  1  0  0  0  0  0  0  9.000000
20150113 1  0  1  0  0  0  0  0  15.018000
20150114 1  0  0  1  0  0  0  0  9.684000
20150115 1  0  0  0  1  0  0  0  24.000000
20150116 1  0  0  0  0  1  0  0  13.000000
20150117 1  0  0  0  0  0  1  0  17.028000
20150118 1  0  0  0  0  0  0  1  8.438000
20150119 1  1  0  0  0  0  0  0  17.648000
20150120 1  0  1  0  0  0  0  0  6.780000
20150121 1  0  0  1  0  0  0  0  17.404000
20150122 1  0  0  0  1  0  0  0  10.288000
20150123 1  0  0  0  0  1  0  0  16.414000
20150124 1  0  0  0  0  0  1  0  7.254000
20150125 1  0  0  0  0  0  0  1  14.282000
20150126 1  1  0  0  0  0  0  0  17.118000
20150127 1  0  1  0  0  0  0  0  17.434000
20150128 1  0  0  1  0  0  0  0  26.072000
20150129 1  0  0  0  1  0  0  0  14.904000
20150130 1  0  0  0  0  1  0  0  10.370000
20150131 1  0  0  0  0  0  1  0  20.734000
20150201 1  0  0  0  0  0  0  1  6.000000
20150202 1  1  0  0  0  0  0  0  14.216000
20150203 1  0  1  0  0  0  0  0  16.284000
20150204 1  0  0  1  0  0  0  0  0
20150205 1  0  0  0  1  0  0  0  2.120000
20150206 1  0  0  0  0  1  0  0  9.758000
20150207 1  0  0  0  0  0  1  0  10.452000
20150208 1  0  0  0  0  0  0  1  6.838000
20150209 1  1  0  0  0  0  0  0  14.732000
20150210 1  0  1  0  0  0  0  0  7.904000
20150211 1  0  0  1  0  0  0  0  20.334000
20150212 1  0  0  0  1  0  0  0  16.256000
20150213 1  0  0  0  0  1  0  0  19.772000
20150214 1  0  0  0  0  0  1  0  0
20150215 1  0  0  0  0  0  0  1  21.280000
20150216 1  1  0  0  0  0  0  0  30.398000
20150217 1  0  1  0  0  0  0  0  26.216000
20150218 1  0  0  1  0  0  0  0  20.650000
20150219 1  0  0  0  1  0  0  0  1.000000
20150220 1  0  0  0  0  1  0  0  6.000000
20150221 1  0  0  0  0  0  1  0  5.000000
20150222 1  0  0  0  0  0  0  1  11.000000
20150223 1  1  0  0  0  0  0  0  13.000000
20150224 1  0  1  0  0  0  0  0  8.336000
20150225 1  0  0  1  0  0  0  0  9.186000
20150226 1  0  0  0  1  0  0  0  13.000000
20150227 1  0  0  0  0  1  0  0  5.000000
20150228 1  0  0  0  0  0  1  0  16.000000
20150301 1  0  0  0  0  0  0  1  7.850000
20150302 1  1  0  0  0  0  0  0  1.810000
20150303 1  0  1  0  0  0  0  0  8.000000
20150304 1  0  0  1  0  0  0  0  17.742000
20150305 1  0  0  0  1  0  0  0  10.346000
20150306 1  0  0  0  0  1  0  0  11.404000
20150307 1  0  0  0  0  0  1  0  3.796000
20150308 1  0  0  0  0  0  0  1  9.000000
20150309 1  1  0  0  0  0  0  0  9.702000
20150310 1  0  1  0  0  0  0  0  13.100000
20150311 1  0  0  1  0  0  0  0  10.262000
20150312 1  0  0  0  1  0  0  0  15.300000
20150313 1  0  0  0  0  1  0  0  7.018000
20150314 1  0  0  0  0  0  1  0  14.788000
20150315 1  0  0  0  0  0  0  1  7.154000
20150316 1  1  0  0  0  0  0  0  19.000000
20150317 1  0  1  0  0  0  0  0  6.000000
20150318 1  0  0  1  0  0  0  0  11.874000
20150319 1  0  0  0  1  0  0  0  5.488000
20150320 1  0  0  0  0  1  0  0  10.756000
20150321 1  0  0  0  0  0  1  0  16.000000
20150322 1  0  0  0  0  0  0  1  16.676000
20150323 1  1  0  0  0  0  0  0  7.000000
20150324 1  0  1  0  0  0  0  0  10.592000
20150325 1  0  0  1  0  0  0  0  6.130000
20150326 1  0  0  0  1  0  0  0  16.380000
20150327 1  0  0  0  0  1  0  0  16.000000
20150328 1  0  0  0  0  0  1  0  19.000000
20150329 1  0  0  0  0  0  0  1  8.000000
20150330 1  1  0  0  0  0  0  0  15.692000
20150331 1  0  1  0  0  0  0  0  0
20150401 1  0  0  1  0  0  0  0  9.532000
20150402 1  0  0  0  1  0  0  0  5.312000
20150403 1  0  0  0  0  1  0  0  13.122000
20150404 1  0  0  0  0  0  1  0  38.648000
20150405 1  0  0  0  0  0  0  1  14.336000
20150406 1  1  0  0  0  0  0  0  14.000000
20150407 1  0  1  0  0  0  0  0  23.190000
20150408 1  0  0  1  0  0  0  0  11.732000
20150409 1  0  0  0  1  0  0  0  0
20150410 1  0  0  0  0  1  0  0  14.000000
20150411 1  0  0  0  0  0  1  0  12.244000
20150412 1  0  0  0  0  0  0  1  14.468000
20150413 1  1  0  0  0  0  0  0  7.252000
20150414 1  0  1  0  0  0  0  0  35.300000
20150415 1  0  0  1  0  0  0  0  21.436000
20150416 1  0  0  0  1  0  0  0  0
20150417 1  0  0  0  0  1  0  0  7.000000
20150418 1  0  0  0  0  0  1  0  26.054000
20150419 1  0  0  0  0  0  0  1  8.080000
20150420 1  1  0  0  0  0  0  0  28.000000
20150421 1  0  1  0  0  0  0  0  8.588000
20150422 1  0  0  1  0  0  0  0  15.276000
20150423 1  0  0  0  1  0  0  0  14.204000
20150424 1  0  0  0  0  1  0  0  5.784000
20150425 1  0  0  0  0  0  1  0  14.000000
20150426 1  0  0  0  0  0  0  1  8.324000
20150427 1  1  0  0  0  0  0  0  12.000000
20150428 1  0  1  0  0  0  0  0  3.314000
20150429 1  0  0  1  0  0  0  0  17.388000
20150430 1  0  0  0  1  0  0  0  11.428000
