20150101 1  0  0  0  1  0  0  0  4.602000
20150102 1  0  0  0  0  1  0  0  7.258000
20150103 1  0  0  0  0  0  1  0  4.890000
20150104 1  0  0  0  0  0  0  1  10.692000
20150105 1  1  0  0  0  0  0  0  5.724000
20150106 1  0  1  0  0  0  0  0  6.954000
20150107 1  0  0  1  0  0  0  0  10.874000
20150108 1  0  0  0  1  0  0  0  13.528000
20150109 1  0  0  0  0  1  0  0  4.152000
20150110 1  0  0  0  0  0  1  0  4.556000
20150111 1  0  0  0  0  0  0  1  7.314000
20150112 1  1  0  0  0  0  0  0  2.606000
20150113 1  0  1  0  0  0  0  0  5.218000
20150114 1  0  0  1  0  0  0  0  7.814000
20150115 1  0  0  0  1  0  0  0  12.144000
20150116 1  0  0  0  0  1  0  0  10.960000
20150117 1  0  0  0  0  0  1  0  5.014000
20150118 1  0  0  0  0  0  0  1  8.174000
20150119 1  1  0  0  0  0  0  0  1.374000
20150120 1  0  1  0  0  0  0  0  7.692000
20150121 1  0  0  1  0  0  0  0  12.104000
20150122 1  0  0  0  1  0  0  0  6.358000
20150123 1  0  0  0  0  1  0  0  7.404000
20150124 1  0  0  0  0  0  1  0  4.902000
20150125 1  0  0  0  0  0  0  1  7.724000
20150126 1  1  0  0  0  0  0  0  9.360000
20150127 1  0  1  0  0  0  0  0  7.370000
20150128 1  0  0  1  0  0  0  0  21.296000
20150129 1  0  0  0  1  0  0  0  4.628000
20150130 1  0  0  0  0  1  0  0  5.744000
20150131 1  0  0  0  0  0  1  0  15.618000
20150201 1  0  0  0  0  0  0  1  8.116000
20150202 1  1  0  0  0  0  0  0  5.668000
20150203 1  0  1  0  0  0  0  0  17.414000
20150204 1  0  0  1  0  0  0  0  0.646000
20150205 1  0  0  0  1  0  0  0  11.554000
20150206 1  0  0  0  0  1  0  0  11.730000
20150207 1  0  0  0  0  0  1  0  2.972000
20150208 1  0  0  0  0  0  0  1  12.260000
20150209 1  1  0  0  0  0  0  0  10.360000
20150210 1  0  1  0  0  0  0  0  7.428000
20150211 1  0  0  1  0  0  0  0  16.524000
20150212 1  0  0  0  1  0  0  0  7.088000
20150213 1  0  0  0  0  1  0  0  16.562000
20150214 1  0  0  0  0  0  1  0  0
20150215 1  0  0  0  0  0  0  1  19.600000
20150216 1  1  0  0  0  0  0  0  30.080000
20150217 1  0  1  0  0  0  0  0  29.490000
20150218 1  0  0  1  0  0  0  0  31.016000
20150219 1  0  0  0  1  0  0  0  2.000000
20150220 1  0  0  0  0  1  0  0  3.000000
20150221 1  0  0  0  0  0  1  0  3.994000
20150222 1  0  0  0  0  0  0  1  5.442000
20150223 1  1  0  0  0  0  0  0  6.190000
20150224 1  0  1  0  0  0  0  0  7.004000
20150225 1  0  0  1  0  0  0  0  5.284000
20150226 1  0  0  0  1  0  0  0  2.622000
20150227 1  0  0  0  0  1  0  0  6.186000
20150228 1  0  0  0  0  0  1  0  5.134000
20150301 1  0  0  0  0  0  0  1  9.686000
20150302 1  1  0  0  0  0  0  0  7.018000
20150303 1  0  1  0  0  0  0  0  6.064000
20150304 1  0  0  1  0  0  0  0  10.690000
20150305 1  0  0  0  1  0  0  0  1.408000
20150306 1  0  0  0  0  1  0  0  9.078000
20150307 1  0  0  0  0  0  1  0  3.374000
20150308 1  0  0  0  0  0  0  1  5.208000
20150309 1  1  0  0  0  0  0  0  4.216000
20150310 1  0  1  0  0  0  0  0  5.786000
20150311 1  0  0  1  0  0  0  0  12.960000
20150312 1  0  0  0  1  0  0  0  6.698000
20150313 1  0  0  0  0  1  0  0  6.358000
20150314 1  0  0  0  0  0  1  0  8.318000
20150315 1  0  0  0  0  0  0  1  5.024000
20150316 1  1  0  0  0  0  0  0  7.064000
20150317 1  0  1  0  0  0  0  0  4.178000
20150318 1  0  0  1  0  0  0  0  10.172000
20150319 1  0  0  0  1  0  0  0  4.832000
20150320 1  0  0  0  0  1  0  0  3.598000
20150321 1  0  0  0  0  0  1  0  8.836000
20150322 1  0  0  0  0  0  0  1  8.664000
20150323 1  1  0  0  0  0  0  0  4.328000
20150324 1  0  1  0  0  0  0  0  3.804000
20150325 1  0  0  1  0  0  0  0  7.398000
20150326 1  0  0  0  1  0  0  0  6.150000
20150327 1  0  0  0  0  1  0  0  4.242000
20150328 1  0  0  0  0  0  1  0  7.578000
20150329 1  0  0  0  0  0  0  1  9.792000
20150330 1  1  0  0  0  0  0  0  10.832000
20150331 1  0  1  0  0  0  0  0  0
20150401 1  0  0  1  0  0  0  0  10.450000
20150402 1  0  0  0  1  0  0  0  2.644000
20150403 1  0  0  0  0  1  0  0  13.670000
20150404 1  0  0  0  0  0  1  0  14.394000
20150405 1  0  0  0  0  0  0  1  7.782000
20150406 1  1  0  0  0  0  0  0  0.512000
20150407 1  0  1  0  0  0  0  0  9.362000
20150408 1  0  0  1  0  0  0  0  8.818000
20150409 1  0  0  0  1  0  0  0  0
20150410 1  0  0  0  0  1  0  0  10.884000
20150411 1  0  0  0  0  0  1  0  8.198000
20150412 1  0  0  0  0  0  0  1  9.860000
20150413 1  1  0  0  0  0  0  0  6.910000
20150414 1  0  1  0  0  0  0  0  15.392000
20150415 1  0  0  1  0  0  0  0  12.812000
20150416 1  0  0  0  1  0  0  0  0
20150417 1  0  0  0  0  1  0  0  6.142000
20150418 1  0  0  0  0  0  1  0  18.498000
20150419 1  0  0  0  0  0  0  1  9.036000
20150420 1  1  0  0  0  0  0  0  5.726000
20150421 1  0  1  0  0  0  0  0  5.650000
20150422 1  0  0  1  0  0  0  0  14.716000
20150423 1  0  0  0  1  0  0  0  9.144000
20150424 1  0  0  0  0  1  0  0  6.594000
20150425 1  0  0  0  0  0  1  0  7.264000
20150426 1  0  0  0  0  0  0  1  5.424000
20150427 1  1  0  0  0  0  0  0  5.876000
20150428 1  0  1  0  0  0  0  0  3.318000
20150429 1  0  0  1  0  0  0  0  12.934000
20150430 1  0  0  0  1  0  0  0  13.994000
