20150101 1  0  0  0  1  0  0  0  2.000000
20150102 1  0  0  0  0  1  0  0  12.000000
20150103 1  0  0  0  0  0  1  0  16.000000
20150104 1  0  0  0  0  0  0  1  4.000000
20150105 1  1  0  0  0  0  0  0  3.000000
20150106 1  0  1  0  0  0  0  0  11.126000
20150107 1  0  0  1  0  0  0  0  12.164000
20150108 1  0  0  0  1  0  0  0  5.068000
20150109 1  0  0  0  0  1  0  0  17.000000
20150110 1  0  0  0  0  0  1  0  28.000000
20150111 1  0  0  0  0  0  0  1  8.000000
20150112 1  1  0  0  0  0  0  0  10.338000
20150113 1  0  1  0  0  0  0  0  5.078000
20150114 1  0  0  1  0  0  0  0  12.158000
20150115 1  0  0  0  1  0  0  0  9.334000
20150116 1  0  0  0  0  1  0  0  17.000000
20150117 1  0  0  0  0  0  1  0  9.000000
20150118 1  0  0  0  0  0  0  1  17.000000
20150119 1  1  0  0  0  0  0  0  11.000000
20150120 1  0  1  0  0  0  0  0  11.000000
20150121 1  0  0  1  0  0  0  0  9.238000
20150122 1  0  0  0  1  0  0  0  8.214000
20150123 1  0  0  0  0  1  0  0  11.000000
20150124 1  0  0  0  0  0  1  0  10.000000
20150125 1  0  0  0  0  0  0  1  19.222000
20150126 1  1  0  0  0  0  0  0  2.256000
20150127 1  0  1  0  0  0  0  0  15.000000
20150128 1  0  0  1  0  0  0  0  20.158000
20150129 1  0  0  0  1  0  0  0  12.064000
20150130 1  0  0  0  0  1  0  0  5.280000
20150131 1  0  0  0  0  0  1  0  27.000000
20150201 1  0  0  0  0  0  0  1  10.252000
20150202 1  1  0  0  0  0  0  0  7.190000
20150203 1  0  1  0  0  0  0  0  26.000000
20150204 1  0  0  1  0  0  0  0  0.202000
20150205 1  0  0  0  1  0  0  0  6.432000
20150206 1  0  0  0  0  1  0  0  13.000000
20150207 1  0  0  0  0  0  1  0  18.000000
20150208 1  0  0  0  0  0  0  1  17.000000
20150209 1  1  0  0  0  0  0  0  21.000000
20150210 1  0  1  0  0  0  0  0  4.000000
20150211 1  0  0  1  0  0  0  0  26.000000
20150212 1  0  0  0  1  0  0  0  27.216000
20150213 1  0  0  0  0  1  0  0  32.274000
20150214 1  0  0  0  0  0  1  0  0
20150215 1  0  0  0  0  0  0  1  21.202000
20150216 1  1  0  0  0  0  0  0  48.000000
20150217 1  0  1  0  0  0  0  0  37.512000
20150218 1  0  0  1  0  0  0  0  69.198000
20150219 1  0  0  0  1  0  0  0  7.000000
20150220 1  0  0  0  0  1  0  0  8.000000
20150221 1  0  0  0  0  0  1  0  17.000000
20150222 1  0  0  0  0  0  0  1  15.000000
20150223 1  1  0  0  0  0  0  0  13.000000
20150224 1  0  1  0  0  0  0  0  8.000000
20150225 1  0  0  1  0  0  0  0  7.468000
20150226 1  0  0  0  1  0  0  0  12.222000
20150227 1  0  0  0  0  1  0  0  10.000000
20150228 1  0  0  0  0  0  1  0  10.450000
20150301 1  0  0  0  0  0  0  1  19.254000
20150302 1  1  0  0  0  0  0  0  2.250000
20150303 1  0  1  0  0  0  0  0  3.000000
20150304 1  0  0  1  0  0  0  0  11.378000
20150305 1  0  0  0  1  0  0  0  7.000000
20150306 1  0  0  0  0  1  0  0  16.000000
20150307 1  0  0  0  0  0  1  0  1.000000
20150308 1  0  0  0  0  0  0  1  5.000000
20150309 1  1  0  0  0  0  0  0  3.344000
20150310 1  0  1  0  0  0  0  0  8.000000
20150311 1  0  0  1  0  0  0  0  12.304000
20150312 1  0  0  0  1  0  0  0  7.000000
20150313 1  0  0  0  0  1  0  0  4.000000
20150314 1  0  0  0  0  0  1  0  13.000000
20150315 1  0  0  0  0  0  0  1  7.000000
20150316 1  1  0  0  0  0  0  0  12.138000
20150317 1  0  1  0  0  0  0  0  2.000000
20150318 1  0  0  1  0  0  0  0  15.000000
20150319 1  0  0  0  1  0  0  0  10.000000
20150320 1  0  0  0  0  1  0  0  3.000000
20150321 1  0  0  0  0  0  1  0  7.148000
20150322 1  0  0  0  0  0  0  1  19.364000
20150323 1  1  0  0  0  0  0  0  2.000000
20150324 1  0  1  0  0  0  0  0  1.392000
20150325 1  0  0  1  0  0  0  0  8.000000
20150326 1  0  0  0  1  0  0  0  6.246000
20150327 1  0  0  0  0  1  0  0  18.000000
20150328 1  0  0  0  0  0  1  0  16.184000
20150329 1  0  0  0  0  0  0  1  15.000000
20150330 1  1  0  0  0  0  0  0  9.142000
20150331 1  0  1  0  0  0  0  0  0
20150401 1  0  0  1  0  0  0  0  8.000000
20150402 1  0  0  0  1  0  0  0  4.000000
20150403 1  0  0  0  0  1  0  0  13.000000
20150404 1  0  0  0  0  0  1  0  40.000000
20150405 1  0  0  0  0  0  0  1  18.000000
20150406 1  1  0  0  0  0  0  0  11.000000
20150407 1  0  1  0  0  0  0  0  14.000000
20150408 1  0  0  1  0  0  0  0  17.000000
20150409 1  0  0  0  1  0  0  0  0
20150410 1  0  0  0  0  1  0  0  7.000000
20150411 1  0  0  0  0  0  1  0  17.000000
20150412 1  0  0  0  0  0  0  1  8.566000
20150413 1  1  0  0  0  0  0  0  1.192000
20150414 1  0  1  0  0  0  0  0  10.338000
20150415 1  0  0  1  0  0  0  0  19.672000
20150416 1  0  0  0  1  0  0  0  0
20150417 1  0  0  0  0  1  0  0  10.000000
20150418 1  0  0  0  0  0  1  0  23.564000
20150419 1  0  0  0  0  0  0  1  10.212000
20150420 1  1  0  0  0  0  0  0  4.000000
20150421 1  0  1  0  0  0  0  0  2.000000
20150422 1  0  0  1  0  0  0  0  18.632000
20150423 1  0  0  0  1  0  0  0  10.000000
20150424 1  0  0  0  0  1  0  0  7.258000
20150425 1  0  0  0  0  0  1  0  9.214000
20150426 1  0  0  0  0  0  0  1  3.254000
20150427 1  1  0  0  0  0  0  0  5.174000
20150428 1  0  1  0  0  0  0  0  7.000000
20150429 1  0  0  1  0  0  0  0  13.346000
20150430 1  0  0  0  1  0  0  0  13.000000
