20150101 1  0  0  0  1  0  0  0  2.750000
20150102 1  0  0  0  0  1  0  0  5.214000
20150103 1  0  0  0  0  0  1  0  2.000000
20150104 1  0  0  0  0  0  0  1  5.944000
20150105 1  1  0  0  0  0  0  0  7.234000
20150106 1  0  1  0  0  0  0  0  5.188000
20150107 1  0  0  1  0  0  0  0  0.608000
20150108 1  0  0  0  1  0  0  0  3.408000
20150109 1  0  0  0  0  1  0  0  2.382000
20150110 1  0  0  0  0  0  1  0  4.000000
20150111 1  0  0  0  0  0  0  1  2.114000
20150112 1  1  0  0  0  0  0  0  3.210000
20150113 1  0  1  0  0  0  0  0  2.000000
20150114 1  0  0  1  0  0  0  0  2.382000
20150115 1  0  0  0  1  0  0  0  0
20150116 1  0  0  0  0  1  0  0  2.574000
20150117 1  0  0  0  0  0  1  0  2.334000
20150118 1  0  0  0  0  0  0  1  3.000000
20150119 1  1  0  0  0  0  0  0  7.432000
20150120 1  0  1  0  0  0  0  0  4.028000
20150121 1  0  0  1  0  0  0  0  8.582000
20150122 1  0  0  0  1  0  0  0  3.210000
20150123 1  0  0  0  0  1  0  0  1.992000
20150124 1  0  0  0  0  0  1  0  2.368000
20150125 1  0  0  0  0  0  0  1  4.856000
20150126 1  1  0  0  0  0  0  0  1.716000
20150127 1  0  1  0  0  0  0  0  3.636000
20150128 1  0  0  1  0  0  0  0  7.326000
20150129 1  0  0  0  1  0  0  0  4.406000
20150130 1  0  0  0  0  1  0  0  3.304000
20150131 1  0  0  0  0  0  1  0  3.958000
20150201 1  0  0  0  0  0  0  1  1.650000
20150202 1  1  0  0  0  0  0  0  1.680000
20150203 1  0  1  0  0  0  0  0  4.000000
20150204 1  0  0  1  0  0  0  0  0
20150205 1  0  0  0  1  0  0  0  2.000000
20150206 1  0  0  0  0  1  0  0  6.568000
20150207 1  0  0  0  0  0  1  0  9.102000
20150208 1  0  0  0  0  0  0  1  3.808000
20150209 1  1  0  0  0  0  0  0  11.266000
20150210 1  0  1  0  0  0  0  0  2.000000
20150211 1  0  0  1  0  0  0  0  0.398000
20150212 1  0  0  0  1  0  0  0  4.000000
20150213 1  0  0  0  0  1  0  0  6.266000
20150214 1  0  0  0  0  0  1  0  0
20150215 1  0  0  0  0  0  0  1  11.410000
20150216 1  1  0  0  0  0  0  0  16.192000
20150217 1  0  1  0  0  0  0  0  13.474000
20150218 1  0  0  1  0  0  0  0  24.372000
20150219 1  0  0  0  1  0  0  0  1.000000
20150220 1  0  0  0  0  1  0  0  1.000000
20150221 1  0  0  0  0  0  1  0  1.000000
20150222 1  0  0  0  0  0  0  1  3.000000
20150223 1  1  0  0  0  0  0  0  6.000000
20150224 1  0  1  0  0  0  0  0  3.000000
20150225 1  0  0  1  0  0  0  0  7.000000
20150226 1  0  0  0  1  0  0  0  0
20150227 1  0  0  0  0  1  0  0  7.000000
20150228 1  0  0  0  0  0  1  0  5.420000
20150301 1  0  0  0  0  0  0  1  1.000000
20150302 1  1  0  0  0  0  0  0  0.320000
20150303 1  0  1  0  0  0  0  0  4.396000
20150304 1  0  0  1  0  0  0  0  8.240000
20150305 1  0  0  0  1  0  0  0  1.000000
20150306 1  0  0  0  0  1  0  0  3.000000
20150307 1  0  0  0  0  0  1  0  4.708000
20150308 1  0  0  0  0  0  0  1  3.000000
20150309 1  1  0  0  0  0  0  0  4.000000
20150310 1  0  1  0  0  0  0  0  7.000000
20150311 1  0  0  1  0  0  0  0  6.000000
20150312 1  0  0  0  1  0  0  0  1.000000
20150313 1  0  0  0  0  1  0  0  6.000000
20150314 1  0  0  0  0  0  1  0  3.000000
20150315 1  0  0  0  0  0  0  1  3.732000
20150316 1  1  0  0  0  0  0  0  0
20150317 1  0  1  0  0  0  0  0  1.000000
20150318 1  0  0  1  0  0  0  0  6.532000
20150319 1  0  0  0  1  0  0  0  0
20150320 1  0  0  0  0  1  0  0  2.276000
20150321 1  0  0  0  0  0  1  0  10.300000
20150322 1  0  0  0  0  0  0  1  1.000000
20150323 1  1  0  0  0  0  0  0  1.386000
20150324 1  0  1  0  0  0  0  0  4.112000
20150325 1  0  0  1  0  0  0  0  7.708000
20150326 1  0  0  0  1  0  0  0  1.710000
20150327 1  0  0  0  0  1  0  0  3.996000
20150328 1  0  0  0  0  0  1  0  4.186000
20150329 1  0  0  0  0  0  0  1  1.284000
20150330 1  1  0  0  0  0  0  0  3.388000
20150331 1  0  1  0  0  0  0  0  0
20150401 1  0  0  1  0  0  0  0  9.938000
20150402 1  0  0  0  1  0  0  0  2.000000
20150403 1  0  0  0  0  1  0  0  7.560000
20150404 1  0  0  0  0  0  1  0  5.434000
20150405 1  0  0  0  0  0  0  1  7.860000
20150406 1  1  0  0  0  0  0  0  5.470000
20150407 1  0  1  0  0  0  0  0  10.986000
20150408 1  0  0  1  0  0  0  0  3.208000
20150409 1  0  0  0  1  0  0  0  0
20150410 1  0  0  0  0  1  0  0  7.202000
20150411 1  0  0  0  0  0  1  0  4.508000
20150412 1  0  0  0  0  0  0  1  6.578000
20150413 1  1  0  0  0  0  0  0  6.266000
20150414 1  0  1  0  0  0  0  0  3.000000
20150415 1  0  0  1  0  0  0  0  4.586000
20150416 1  0  0  0  1  0  0  0  0
20150417 1  0  0  0  0  1  0  0  1.026000
20150418 1  0  0  0  0  0  1  0  3.724000
20150419 1  0  0  0  0  0  0  1  5.000000
20150420 1  1  0  0  0  0  0  0  1.718000
20150421 1  0  1  0  0  0  0  0  4.000000
20150422 1  0  0  1  0  0  0  0  8.442000
20150423 1  0  0  0  1  0  0  0  9.098000
20150424 1  0  0  0  0  1  0  0  2.000000
20150425 1  0  0  0  0  0  1  0  4.000000
20150426 1  0  0  0  0  0  0  1  4.000000
20150427 1  1  0  0  0  0  0  0  2.214000
20150428 1  0  1  0  0  0  0  0  0.292000
20150429 1  0  0  1  0  0  0  0  6.780000
20150430 1  0  0  0  1  0  0  0  4.906000
