20150101 1  0  0  0  1  0  0  0  1.800000
20150102 1  0  0  0  0  1  0  0  6.330000
20150103 1  0  0  0  0  0  1  0  6.750000
20150104 1  0  0  0  0  0  0  1  9.546000
20150105 1  1  0  0  0  0  0  0  2.892000
20150106 1  0  1  0  0  0  0  0  5.946000
20150107 1  0  0  1  0  0  0  0  10.946000
20150108 1  0  0  0  1  0  0  0  4.310000
20150109 1  0  0  0  0  1  0  0  8.686000
20150110 1  0  0  0  0  0  1  0  5.136000
20150111 1  0  0  0  0  0  0  1  8.498000
20150112 1  1  0  0  0  0  0  0  2.956000
20150113 1  0  1  0  0  0  0  0  7.510000
20150114 1  0  0  1  0  0  0  0  3.676000
20150115 1  0  0  0  1  0  0  0  7.852000
20150116 1  0  0  0  0  1  0  0  5.370000
20150117 1  0  0  0  0  0  1  0  6.256000
20150118 1  0  0  0  0  0  0  1  5.158000
20150119 1  1  0  0  0  0  0  0  8.044000
20150120 1  0  1  0  0  0  0  0  6.804000
20150121 1  0  0  1  0  0  0  0  15.042000
20150122 1  0  0  0  1  0  0  0  4.976000
20150123 1  0  0  0  0  1  0  0  3.806000
20150124 1  0  0  0  0  0  1  0  4.096000
20150125 1  0  0  0  0  0  0  1  5.898000
20150126 1  1  0  0  0  0  0  0  9.560000
20150127 1  0  1  0  0  0  0  0  2.876000
20150128 1  0  0  1  0  0  0  0  6.420000
20150129 1  0  0  0  1  0  0  0  7.450000
20150130 1  0  0  0  0  1  0  0  8.238000
20150131 1  0  0  0  0  0  1  0  9.408000
20150201 1  0  0  0  0  0  0  1  7.788000
20150202 1  1  0  0  0  0  0  0  5.550000
20150203 1  0  1  0  0  0  0  0  10.898000
20150204 1  0  0  1  0  0  0  0  0.120000
20150205 1  0  0  0  1  0  0  0  1.776000
20150206 1  0  0  0  0  1  0  0  1.904000
20150207 1  0  0  0  0  0  1  0  7.254000
20150208 1  0  0  0  0  0  0  1  4.992000
20150209 1  1  0  0  0  0  0  0  10.812000
20150210 1  0  1  0  0  0  0  0  6.546000
20150211 1  0  0  1  0  0  0  0  7.826000
20150212 1  0  0  0  1  0  0  0  10.158000
20150213 1  0  0  0  0  1  0  0  13.970000
20150214 1  0  0  0  0  0  1  0  0
20150215 1  0  0  0  0  0  0  1  24.420000
20150216 1  1  0  0  0  0  0  0  39.628000
20150217 1  0  1  0  0  0  0  0  36.194000
20150218 1  0  0  1  0  0  0  0  39.556000
20150219 1  0  0  0  1  0  0  0  1.000000
20150220 1  0  0  0  0  1  0  0  3.000000
20150221 1  0  0  0  0  0  1  0  3.530000
20150222 1  0  0  0  0  0  0  1  10.724000
20150223 1  1  0  0  0  0  0  0  2.148000
20150224 1  0  1  0  0  0  0  0  10.000000
20150225 1  0  0  1  0  0  0  0  8.246000
20150226 1  0  0  0  1  0  0  0  1.146000
20150227 1  0  0  0  0  1  0  0  2.458000
20150228 1  0  0  0  0  0  1  0  4.324000
20150301 1  0  0  0  0  0  0  1  4.618000
20150302 1  1  0  0  0  0  0  0  6.994000
20150303 1  0  1  0  0  0  0  0  2.000000
20150304 1  0  0  1  0  0  0  0  17.774000
20150305 1  0  0  0  1  0  0  0  1.280000
20150306 1  0  0  0  0  1  0  0  1.166000
20150307 1  0  0  0  0  0  1  0  6.000000
20150308 1  0  0  0  0  0  0  1  7.168000
20150309 1  1  0  0  0  0  0  0  4.824000
20150310 1  0  1  0  0  0  0  0  2.000000
20150311 1  0  0  1  0  0  0  0  3.920000
20150312 1  0  0  0  1  0  0  0  4.762000
20150313 1  0  0  0  0  1  0  0  17.764000
20150314 1  0  0  0  0  0  1  0  7.120000
20150315 1  0  0  0  0  0  0  1  14.144000
20150316 1  1  0  0  0  0  0  0  7.592000
20150317 1  0  1  0  0  0  0  0  5.720000
20150318 1  0  0  1  0  0  0  0  8.852000
20150319 1  0  0  0  1  0  0  0  4.000000
20150320 1  0  0  0  0  1  0  0  8.516000
20150321 1  0  0  0  0  0  1  0  3.638000
20150322 1  0  0  0  0  0  0  1  6.142000
20150323 1  1  0  0  0  0  0  0  4.462000
20150324 1  0  1  0  0  0  0  0  3.696000
20150325 1  0  0  1  0  0  0  0  4.610000
20150326 1  0  0  0  1  0  0  0  5.622000
20150327 1  0  0  0  0  1  0  0  8.000000
20150328 1  0  0  0  0  0  1  0  3.000000
20150329 1  0  0  0  0  0  0  1  6.000000
20150330 1  1  0  0  0  0  0  0  7.808000
20150331 1  0  1  0  0  0  0  0  0
20150401 1  0  0  1  0  0  0  0  6.980000
20150402 1  0  0  0  1  0  0  0  4.016000
20150403 1  0  0  0  0  1  0  0  11.510000
20150404 1  0  0  0  0  0  1  0  15.000000
20150405 1  0  0  0  0  0  0  1  7.490000
20150406 1  1  0  0  0  0  0  0  3.422000
20150407 1  0  1  0  0  0  0  0  5.560000
20150408 1  0  0  1  0  0  0  0  7.212000
20150409 1  0  0  0  1  0  0  0  0
20150410 1  0  0  0  0  1  0  0  3.400000
20150411 1  0  0  0  0  0  1  0  5.372000
20150412 1  0  0  0  0  0  0  1  8.358000
20150413 1  1  0  0  0  0  0  0  12.398000
20150414 1  0  1  0  0  0  0  0  12.694000
20150415 1  0  0  1  0  0  0  0  25.318000
20150416 1  0  0  0  1  0  0  0  0
20150417 1  0  0  0  0  1  0  0  10.756000
20150418 1  0  0  0  0  0  1  0  4.154000
20150419 1  0  0  0  0  0  0  1  4.392000
20150420 1  1  0  0  0  0  0  0  1.260000
20150421 1  0  1  0  0  0  0  0  5.000000
20150422 1  0  0  1  0  0  0  0  9.936000
20150423 1  0  0  0  1  0  0  0  4.346000
20150424 1  0  0  0  0  1  0  0  3.296000
20150425 1  0  0  0  0  0  1  0  4.500000
20150426 1  0  0  0  0  0  0  1  3.520000
20150427 1  1  0  0  0  0  0  0  0.416000
20150428 1  0  1  0  0  0  0  0  2.876000
20150429 1  0  0  1  0  0  0  0  4.492000
20150430 1  0  0  0  1  0  0  0  8.036000
