20150101 1  0  0  0  1  0  0  0  0
20150102 1  0  0  0  0  1  0  0  0
20150103 1  0  0  0  0  0  1  0  0
20150104 1  0  0  0  0  0  0  1  0
20150105 1  1  0  0  0  0  0  0  0
20150106 1  0  1  0  0  0  0  0  0
20150107 1  0  0  1  0  0  0  0  0
20150108 1  0  0  0  1  0  0  0  0
20150109 1  0  0  0  0  1  0  0  0
20150110 1  0  0  0  0  0  1  0  0
20150111 1  0  0  0  0  0  0  1  0
20150112 1  1  0  0  0  0  0  0  0
20150113 1  0  1  0  0  0  0  0  0
20150114 1  0  0  1  0  0  0  0  1.000000
20150115 1  0  0  0  1  0  0  0  0
20150116 1  0  0  0  0  1  0  0  0
20150117 1  0  0  0  0  0  1  0  0
20150118 1  0  0  0  0  0  0  1  0
20150119 1  1  0  0  0  0  0  0  0
20150120 1  0  1  0  0  0  0  0  1.000000
20150121 1  0  0  1  0  0  0  0  0
20150122 1  0  0  0  1  0  0  0  0
20150123 1  0  0  0  0  1  0  0  0
20150124 1  0  0  0  0  0  1  0  0
20150125 1  0  0  0  0  0  0  1  0
20150126 1  1  0  0  0  0  0  0  0
20150127 1  0  1  0  0  0  0  0  0
20150128 1  0  0  1  0  0  0  0  0
20150129 1  0  0  0  1  0  0  0  0
20150130 1  0  0  0  0  1  0  0  0
20150131 1  0  0  0  0  0  1  0  0
20150201 1  0  0  0  0  0  0  1  0
20150202 1  1  0  0  0  0  0  0  0
20150203 1  0  1  0  0  0  0  0  1.000000
20150204 1  0  0  1  0  0  0  0  0
20150205 1  0  0  0  1  0  0  0  0
20150206 1  0  0  0  0  1  0  0  0
20150207 1  0  0  0  0  0  1  0  0
20150208 1  0  0  0  0  0  0  1  0
20150209 1  1  0  0  0  0  0  0  0
20150210 1  0  1  0  0  0  0  0  1.000000
20150211 1  0  0  1  0  0  0  0  0
20150212 1  0  0  0  1  0  0  0  0
20150213 1  0  0  0  0  1  0  0  0
20150214 1  0  0  0  0  0  1  0  0
20150215 1  0  0  0  0  0  0  1  0
20150216 1  1  0  0  0  0  0  0  0
20150217 1  0  1  0  0  0  0  0  2.000000
20150218 1  0  0  1  0  0  0  0  0
20150219 1  0  0  0  1  0  0  0  0
20150220 1  0  0  0  0  1  0  0  0
20150221 1  0  0  0  0  0  1  0  0
20150222 1  0  0  0  0  0  0  1  0
20150223 1  1  0  0  0  0  0  0  0
20150224 1  0  1  0  0  0  0  0  0
20150225 1  0  0  1  0  0  0  0  0
20150226 1  0  0  0  1  0  0  0  0
20150227 1  0  0  0  0  1  0  0  0
20150228 1  0  0  0  0  0  1  0  0
20150301 1  0  0  0  0  0  0  1  0
20150302 1  1  0  0  0  0  0  0  0
20150303 1  0  1  0  0  0  0  0  0
20150304 1  0  0  1  0  0  0  0  0
20150305 1  0  0  0  1  0  0  0  0
20150306 1  0  0  0  0  1  0  0  0
20150307 1  0  0  0  0  0  1  0  0
20150308 1  0  0  0  0  0  0  1  0
20150309 1  1  0  0  0  0  0  0  0
20150310 1  0  1  0  0  0  0  0  0
20150311 1  0  0  1  0  0  0  0  0
20150312 1  0  0  0  1  0  0  0  1.000000
20150313 1  0  0  0  0  1  0  0  0
20150314 1  0  0  0  0  0  1  0  0
20150315 1  0  0  0  0  0  0  1  1.000000
20150316 1  1  0  0  0  0  0  0  0
20150317 1  0  1  0  0  0  0  0  0
20150318 1  0  0  1  0  0  0  0  0
20150319 1  0  0  0  1  0  0  0  0
20150320 1  0  0  0  0  1  0  0  0
20150321 1  0  0  0  0  0  1  0  0
20150322 1  0  0  0  0  0  0  1  0
20150323 1  1  0  0  0  0  0  0  0
20150324 1  0  1  0  0  0  0  0  0
20150325 1  0  0  1  0  0  0  0  1.000000
20150326 1  0  0  0  1  0  0  0  1.000000
20150327 1  0  0  0  0  1  0  0  0
20150328 1  0  0  0  0  0  1  0  0
20150329 1  0  0  0  0  0  0  1  0
20150330 1  1  0  0  0  0  0  0  0
20150331 1  0  1  0  0  0  0  0  0
20150401 1  0  0  1  0  0  0  0  0
20150402 1  0  0  0  1  0  0  0  0
20150403 1  0  0  0  0  1  0  0  0
20150404 1  0  0  0  0  0  1  0  0
20150405 1  0  0  0  0  0  0  1  0
20150406 1  1  0  0  0  0  0  0  0
20150407 1  0  1  0  0  0  0  0  0
20150408 1  0  0  1  0  0  0  0  0
20150409 1  0  0  0  1  0  0  0  0
20150410 1  0  0  0  0  1  0  0  1.000000
20150411 1  0  0  0  0  0  1  0  0
20150412 1  0  0  0  0  0  0  1  0
20150413 1  1  0  0  0  0  0  0  0
20150414 1  0  1  0  0  0  0  0  0
20150415 1  0  0  1  0  0  0  0  0
20150416 1  0  0  0  1  0  0  0  0
20150417 1  0  0  0  0  1  0  0  1.000000
20150418 1  0  0  0  0  0  1  0  0
20150419 1  0  0  0  0  0  0  1  0
20150420 1  1  0  0  0  0  0  0  0
20150421 1  0  1  0  0  0  0  0  0
20150422 1  0  0  1  0  0  0  0  0
20150423 1  0  0  0  1  0  0  0  0
20150424 1  0  0  0  0  1  0  0  0
20150425 1  0  0  0  0  0  1  0  0
20150426 1  0  0  0  0  0  0  1  0
20150427 1  1  0  0  0  0  0  0  0
20150428 1  0  1  0  0  0  0  0  0
20150429 1  0  0  1  0  0  0  0  0
20150430 1  0  0  0  1  0  0  0  0
